0 1 0 0 -0 0 1 0 -0 0 0 1 -0
1 0.999997 0.00151785 -0.00212774 -0.000509849 -0.00150902 0.99999 0.00414856 0.00102638 0.00213401 -0.00414533 0.999989 -0.00195142
2 0.999962 0.00472358 -0.00729996 0.000406927 -0.0046597 0.999951 0.00874273 0.00193947 0.0073409 -0.00870838 0.999935 -0.00490993
3 0.999891 0.0102291 -0.0106195 0.00577077 -0.0100993 0.999875 0.0122053 0.00461241 0.010743 -0.0120967 0.999869 -0.0073098
4 0.999834 0.017043 -0.00639059 0.00705722 -0.016945 0.999742 0.0150949 0.00621451 0.00664621 -0.0149841 0.999866 -0.00947713
5 0.99977 0.021433 -0.000895846 0.0101828 -0.0214147 0.999626 0.0170146 0.0044563 0.00126019 -0.0169915 0.999855 -0.0132642
6 0.999715 0.0234134 0.00463321 0.010516 -0.0234883 0.999582 0.0168314 0.00362655 -0.00423719 -0.0169354 0.999848 -0.0161671
7 0.999621 0.0269219 0.00568028 0.0141961 -0.0270041 0.999524 0.0149285 0.00236655 -0.00527567 -0.0150762 0.999872 -0.0189696
8 0.999542 0.0293201 0.00753243 0.0159188 -0.0293979 0.999513 0.0104284 0.00351618 -0.00722301 -0.010645 0.999917 -0.0220042
9 0.999582 0.028426 0.00523459 0.0192781 -0.0284743 0.99955 0.00939627 0.00297197 -0.00496514 -0.00954139 0.999942 -0.0247386
10 0.999555 0.029451 0.00465887 0.0163329 -0.0294788 0.999547 0.00600822 0.00904115 -0.00447982 -0.00614288 0.999971 -0.0313264
11 0.999612 0.0278593 0.000511026 0.0213529 -0.0278622 0.999586 0.00713181 0.00637015 -0.000312128 -0.00714328 0.999974 -0.0344119
12 0.999623 0.027253 -0.00327802 0.0271672 -0.0272464 0.999627 0.00204383 0.00661513 0.0033325 -0.00195374 0.999993 -0.0374046
13 0.999598 0.0277499 -0.0057517 0.0341112 -0.0277646 0.999611 -0.0024809 0.00610967 0.00568062 0.00263959 0.99998 -0.0386618
14 0.999581 0.0279966 -0.00734011 0.0431585 -0.0280649 0.999562 -0.00938081 0.00312181 0.00707426 0.00958288 0.999929 -0.0400266
15 0.999512 0.0305544 -0.00652461 0.0515848 -0.0306483 0.99942 -0.0148233 0.00196003 0.00606791 0.015016 0.999869 -0.0428276
16 0.999493 0.0316223 -0.0038318 0.0580761 -0.0317007 0.999245 -0.0224747 0.00288257 0.0031182 0.0225847 0.99974 -0.0433236
17 0.99937 0.0353678 -0.003057 0.0655568 -0.0354391 0.998987 -0.0277439 0.00322333 0.00207266 0.0278348 0.99961 -0.0483383
18 0.999211 0.0394966 -0.00409359 0.0734145 -0.0395995 0.998789 -0.0291866 0.00791442 0.00293586 0.0293256 0.999566 -0.0493121
19 0.999164 0.0399985 -0.00845806 0.0797657 -0.0401836 0.998928 -0.0229842 0.00433238 0.00752966 0.0233049 0.9997 -0.0518441
20 0.999104 0.0390627 -0.0162967 0.0882652 -0.0394154 0.998983 -0.0219113 0.0026079 0.0154242 0.022534 0.999627 -0.0545106
21 0.998843 0.0401508 -0.0264869 0.0999192 -0.0407636 0.998904 -0.0230196 0.00569372 0.0255336 0.0240727 0.999384 -0.0545024
22 0.998276 0.04699 -0.0351645 0.112226 -0.047724 0.998654 -0.0203333 0.0024928 0.0341617 0.0219764 0.999175 -0.057185
23 0.997908 0.0494307 -0.0416756 0.123457 -0.0504393 0.99845 -0.0235066 0.00109817 0.0404491 0.0255595 0.998855 -0.0590275
24 0.997249 0.0544636 -0.0502725 0.138563 -0.0559784 0.998004 -0.0292312 0.00423798 0.0485801 0.0319649 0.998308 -0.0605796
25 0.996684 0.0610466 -0.0537931 0.146968 -0.0627992 0.997528 -0.0315144 0.00610595 0.0517363 0.034788 0.998055 -0.0658969
26 0.996461 0.0651853 -0.0530755 0.149674 -0.0670236 0.997185 -0.033625 0.0130391 0.0507342 0.0370633 0.998024 -0.0715188
27 0.995968 0.0663653 -0.060356 0.162528 -0.0683714 0.997153 -0.0318024 0.0173328 0.0580736 0.0358008 0.99767 -0.0732292
28 0.995127 0.0698647 -0.0695773 0.172469 -0.0719578 0.997013 -0.0280425 0.0219212 0.0674103 0.0329125 0.997182 -0.0748103
29 0.994158 0.0719727 -0.0804296 0.184862 -0.0737061 0.997103 -0.0187908 0.0209319 0.0788441 0.0246092 0.996583 -0.076181
30 0.993394 0.0737338 -0.0879355 0.195863 -0.075398 0.997029 -0.0157512 0.0220732 0.0865128 0.0222773 0.996002 -0.0756848
31 0.992787 0.0766949 -0.0921507 0.205846 -0.07848 0.996789 -0.015902 0.0253248 0.0906351 0.0230193 0.995618 -0.0779831
32 0.992336 0.0786776 -0.0952883 0.215555 -0.0802599 0.996691 -0.0128822 0.0282985 0.0939594 0.0204313 0.995366 -0.0792062
33 0.992362 0.0747293 -0.0981496 0.225546 -0.0755702 0.997129 -0.00487273 0.0325734 0.0975036 0.0122527 0.99516 -0.0802234
34 0.992327 0.0701811 -0.101794 0.232239 -0.0701249 0.99753 0.00413453 0.0344768 0.101833 0.00303549 0.994797 -0.080936
35 0.992207 0.0669461 -0.105089 0.240254 -0.0658021 0.99773 0.0143195 0.0340218 0.105809 -0.00729279 0.99436 -0.0832309
36 0.992065 0.0653819 -0.107384 0.249729 -0.0638163 0.9978 0.0179546 0.0373692 0.108322 -0.0109593 0.994055 -0.0812316
37 0.991972 0.0678191 -0.106733 0.255449 -0.0658761 0.997593 0.0216306 0.0340041 0.107943 -0.0144258 0.994052 -0.0835395
38 0.991893 0.0718063 -0.10484 0.260401 -0.0703623 0.99737 0.0174121 0.0374981 0.105815 -0.0098941 0.994337 -0.0866435
39 0.991994 0.0744279 -0.102023 0.267207 -0.0731801 0.997192 0.0159251 0.0379391 0.102922 -0.00833153 0.994655 -0.0899134
40 0.992409 0.0755906 -0.097008 0.271295 -0.0747809 0.997128 0.0119613 0.0393241 0.0976335 -0.0046162 0.995212 -0.0921859
41 0.992505 0.0766782 -0.0951549 0.277674 -0.0760848 0.997053 0.00985369 0.039038 0.09563 -0.00253999 0.995414 -0.0941144
42 0.992908 0.0774361 -0.090209 0.281749 -0.0768097 0.996992 0.0104005 0.041486 0.090743 -0.00339779 0.995869 -0.0996984
43 0.993578 0.0742278 -0.0853981 0.286604 -0.0734062 0.997221 0.0127259 0.04517 0.0861053 -0.0063754 0.996266 -0.102779
44 0.994063 0.0729227 -0.0807534 0.28885 -0.071826 0.997282 0.0164067 0.0467746 0.0817303 -0.0105091 0.996599 -0.109072
45 0.99437 0.0752735 -0.0745813 0.290145 -0.0738814 0.997041 0.0212549 0.0488577 0.0759605 -0.0156251 0.996988 -0.113787
46 0.994816 0.0753394 -0.0683017 0.293432 -0.0737682 0.996956 0.0252451 0.0490773 0.0699957 -0.0200757 0.997345 -0.117653
47 0.995465 0.0746024 -0.0590258 0.290635 -0.0732599 0.99701 0.0245934 0.0498211 0.060684 -0.0201576 0.997953 -0.124814
48 0.996029 0.072701 -0.0513834 0.28993 -0.071672 0.997194 0.021595 0.0542781 0.0528093 -0.0178265 0.998446 -0.131563
49 0.996504 0.0701945 -0.0453069 0.289041 -0.0692322 0.997347 0.0224726 0.0596634 0.0467642 -0.0192573 0.99872 -0.137941
50 0.997106 0.0644877 -0.0402582 0.29242 -0.0635171 0.997669 0.0249424 0.0639226 0.0417729 -0.0223131 0.998878 -0.142495
51 0.997939 0.0553032 -0.0325378 0.289253 -0.0543479 0.998085 0.0295469 0.0695961 0.0341095 -0.0277176 0.999034 -0.150091
52 0.998109 0.0549785 -0.0274844 0.286877 -0.0539073 0.997811 0.0383042 0.0730329 0.0295301 -0.0367502 0.998888 -0.155536
53 0.99812 0.0556728 -0.0256464 0.286205 -0.0545326 0.997577 0.0431944 0.074813 0.027989 -0.0417146 0.998737 -0.156207
54 0.998078 0.0571173 -0.0240341 0.285998 -0.0559499 0.99734 0.0467245 0.0823433 0.0266389 -0.04529 0.998619 -0.163635
55 0.998075 0.0590277 -0.0190119 0.284088 -0.0579411 0.996892 0.05337 0.0885532 0.0221032 -0.0521657 0.998394 -0.169285
56 0.998289 0.0566725 -0.0143658 0.283322 -0.0557287 0.996686 0.0592591 0.0946422 0.0176765 -0.0583572 0.998139 -0.173939
57 0.998486 0.053882 -0.0110365 0.286696 -0.0530367 0.996392 0.0662531 0.101198 0.0145666 -0.0655675 0.997742 -0.178075
58 0.998889 0.0469552 -0.00399031 0.286028 -0.0465252 0.996106 0.0748821 0.107414 0.00749087 -0.0746133 0.997184 -0.184765
59 0.999121 0.0418814 -0.00153888 0.289592 -0.0415964 0.995467 0.0855279 0.110467 0.00511392 -0.0853888 0.996335 -0.184328
60 0.999084 0.0427956 -0.00084577 0.290482 -0.0425271 0.994673 0.0939007 0.117495 0.0048598 -0.0937787 0.995581 -0.188073
61 0.998992 0.044899 0.000112801 0.291663 -0.0446923 0.994146 0.0983681 0.124302 0.00430449 -0.0982739 0.99515 -0.19069
62 0.998826 0.0483358 0.00313418 0.294327 -0.0484022 0.993548 0.102562 0.126442 0.00184344 -0.102593 0.994722 -0.196007
63 0.998668 0.0508474 0.0087252 0.297283 -0.0514856 0.993063 0.105715 0.128469 -0.00328934 -0.106023 0.994358 -0.196902
64 0.998706 0.0487112 0.0145877 0.302408 -0.0499865 0.993109 0.105999 0.131975 -0.00932388 -0.106591 0.994259 -0.199476
65 0.998674 0.0479779 0.0186599 0.304132 -0.0497001 0.993058 0.106611 0.134501 -0.0134154 -0.107397 0.994126 -0.201878
66 0.998582 0.0494737 0.0196804 0.307763 -0.0512853 0.993065 0.105791 0.135858 -0.01431 -0.106651 0.994194 -0.204398
67 0.998582 0.0498341 0.0187399 0.312782 -0.0515441 0.993046 0.10584 0.133554 -0.0133351 -0.106656 0.994207 -0.207063
68 0.998657 0.0489307 0.0170097 0.318159 -0.0504482 0.993219 0.104738 0.13542 -0.0117694 -0.105456 0.994354 -0.210649
69 0.99876 0.0471991 0.0158599 0.322312 -0.0485983 0.993375 0.104138 0.13559 -0.0108396 -0.104779 0.994436 -0.212834
70 0.998927 0.0441541 0.0139813 0.329115 -0.04535 0.993781 0.101696 0.137116 -0.00940404 -0.10222 0.994717 -0.216337
71 0.999 0.0427981 0.0129619 0.333975 -0.0438855 0.993981 0.100377 0.136009 -0.00858794 -0.100845 0.994865 -0.21742
72 0.999072 0.0420641 0.00926974 0.341274 -0.0427651 0.994381 0.0968422 0.137309 -0.00514407 -0.0971488 0.995257 -0.220821
73 0.999084 0.042488 0.00504006 0.348449 -0.0427742 0.994602 0.0945403 0.137271 -0.000996029 -0.0946693 0.995508 -0.223686
74 0.999082 0.0428443 2.11836e-05 0.356453 -0.0426633 0.994814 0.0923291 0.136402 0.00393471 -0.0922453 0.995729 -0.224059
75 0.998897 0.0466548 -0.00524148 0.364534 -0.0459966 0.994895 0.0898182 0.137685 0.00940517 -0.089478 0.995944 -0.226837
76 0.998609 0.0512089 -0.0125597 0.376927 -0.0499013 0.994823 0.0885305 0.135445 0.0170282 -0.0877806 0.995994 -0.229209
77 0.998277 0.0563302 -0.0164055 0.385759 -0.0547339 0.994846 0.085354 0.134972 0.021129 -0.0843091 0.996216 -0.230112
78 0.997851 0.0620242 -0.0211123 0.395452 -0.0601036 0.994828 0.081888 0.134707 0.0260821 -0.0804431 0.996418 -0.228061
79 0.997254 0.0687552 -0.0275149 0.407716 -0.0663764 0.994613 0.0796171 0.134113 0.0328407 -0.0775722 0.996446 -0.229485
80 0.996539 0.0749909 -0.0358614 0.418609 -0.0719435 0.99421 0.0798131 0.134115 0.041639 -0.0769569 0.996165 -0.232385
81 0.995601 0.0815038 -0.0462239 0.432994 -0.0776639 0.993802 0.0795341 0.136123 0.0524197 -0.0755943 0.99576 -0.231199
82 0.994837 0.0855514 -0.0546011 0.444352 -0.0810537 0.993505 0.0798625 0.13616 0.0610788 -0.0750245 0.995309 -0.231641
83 0.992663 0.0985322 -0.0700823 0.463433 -0.0925055 0.992113 0.0845905 0.124717 0.0778644 -0.0774868 0.993948 -0.233453
84 0.991247 0.104053 -0.0812577 0.477703 -0.0973687 0.99184 0.0822997 0.123729 0.0891581 -0.0736673 0.993289 -0.232527
85 0.989772 0.110353 -0.0904048 0.486361 -0.103251 0.991449 0.0797992 0.1234 0.0984379 -0.0696486 0.992703 -0.233893
86 0.988052 0.117084 -0.100224 0.496883 -0.109471 0.990895 0.0783729 0.123188 0.108487 -0.066465 0.991873 -0.235447
87 0.986417 0.123082 -0.108774 0.510672 -0.115005 0.990324 0.0776668 0.120368 0.117281 -0.0641024 0.991028 -0.234521
88 0.985368 0.127768 -0.112803 0.519771 -0.119535 0.989841 0.0769879 0.120441 0.121494 -0.0623774 0.99063 -0.236403
89 0.984179 0.132448 -0.117678 0.53177 -0.123922 0.989295 0.0770679 0.121899 0.126626 -0.0612658 0.990057 -0.235984
90 0.983411 0.134662 -0.121527 0.542121 -0.125221 0.988712 0.0822736 0.110633 0.131235 -0.0656909 0.989172 -0.232339
91 0.982848 0.13411 -0.126592 0.551299 -0.124213 0.988769 0.0831071 0.111663 0.136315 -0.0659573 0.988467 -0.231846
92 0.982265 0.132606 -0.132559 0.559471 -0.122208 0.988965 0.0837504 0.112329 0.142202 -0.0660653 0.98763 -0.231155
93 0.981194 0.13481 -0.138149 0.566633 -0.12379 0.988617 0.085511 0.109088 0.148104 -0.0668014 0.986713 -0.227894
94 0.980239 0.138069 -0.141663 0.573406 -0.127023 0.988311 0.0842943 0.10787 0.151646 -0.064634 0.986319 -0.22934
95 0.979672 0.139801 -0.143869 0.581732 -0.128799 0.988176 0.0831837 0.107918 0.153797 -0.0629626 0.986094 -0.230197
96 0.979714 0.138726 -0.144624 0.586211 -0.127624 0.988306 0.0834487 0.107542 0.154509 -0.0632983 0.985962 -0.230241
97 0.979178 0.138408 -0.148508 0.593745 -0.126989 0.988354 0.0838471 0.106832 0.158383 -0.0632424 0.98535 -0.228454
98 0.978568 0.139774 -0.151219 0.59874 -0.128032 0.988135 0.0848319 0.106215 0.161282 -0.0636531 0.984854 -0.228801
99 0.978171 0.140076 -0.153496 0.602804 -0.127792 0.987959 0.0872168 0.106852 0.163865 -0.0656974 0.984293 -0.226622
100 0.977401 0.142994 -0.155692 0.608648 -0.129851 0.987294 0.0915946 0.105911 0.166811 -0.0693079 0.98355 -0.22556
101 0.977134 0.143863 -0.156568 0.612938 -0.130149 0.986969 0.0946221 0.104998 0.16814 -0.0720812 0.983124 -0.224884
102 0.976901 0.14373 -0.158133 0.617659 -0.129177 0.986687 0.0987991 0.103155 0.170228 -0.0760898 0.982463 -0.222705
103 0.976908 0.145072 -0.156862 0.625985 -0.130169 0.986284 0.101489 0.0994684 0.169434 -0.0787269 0.982392 -0.216359
104 0.978034 0.139115 -0.155229 0.626522 -0.1247 0.987236 0.0990692 0.0968414 0.16703 -0.0775359 0.982898 -0.213675
105 0.978754 0.131975 -0.156918 0.627774 -0.118303 0.988563 0.0935307 0.0990663 0.167467 -0.0729798 0.983173 -0.212888
106 0.97925 0.123258 -0.160863 0.635525 -0.109502 0.989741 0.0917723 0.0954241 0.170524 -0.0722532 0.982701 -0.210321
107 0.979512 0.120159 -0.161613 0.637742 -0.106205 0.990041 0.092404 0.0930053 0.171106 -0.0733467 0.982519 -0.207281
108 0.979467 0.12 -0.162001 0.640562 -0.1059 0.990012 0.0930613 0.0910984 0.171551 -0.0739944 0.982393 -0.201919
109 0.979341 0.120319 -0.162524 0.644266 -0.106481 0.990109 0.0913609 0.0883821 0.171909 -0.0721678 0.982466 -0.197058
110 0.979241 0.121232 -0.162449 0.645232 -0.107851 0.99019 0.0888314 0.0860065 0.171624 -0.0694671 0.98271 -0.193773
111 0.978867 0.123619 -0.162901 0.646071 -0.110576 0.990063 0.086875 0.0831876 0.172022 -0.0670262 0.98281 -0.188793
112 0.978249 0.1274 -0.163702 0.64733 -0.114468 0.989682 0.0861799 0.0813368 0.172992 -0.0655669 0.982738 -0.185372
113 0.977384 0.133292 -0.164178 0.6483 -0.120061 0.988852 0.088073 0.0800735 0.174087 -0.0663697 0.982491 -0.174942
114 0.97698 0.135106 -0.165096 0.646837 -0.121007 0.988313 0.0927042 0.0755116 0.175691 -0.0705924 0.981911 -0.169358
115 0.976505 0.136743 -0.166549 0.644219 -0.121829 0.987826 0.0967384 0.0723724 0.17775 -0.074175 0.981276 -0.163592
116 0.975812 0.138755 -0.168929 0.642912 -0.122916 0.987274 0.100905 0.0636875 0.180781 -0.0777 0.980449 -0.156557
117 0.975009 0.141342 -0.171406 0.64158 -0.125636 0.987094 0.0993074 0.0575075 0.18323 -0.0752908 0.980183 -0.147738
118 0.973874 0.145835 -0.174075 0.639693 -0.130896 0.986884 0.0944797 0.053277 0.18557 -0.0692257 0.98019 -0.14092
119 0.973087 0.150067 -0.174876 0.639731 -0.136131 0.986667 0.0891988 0.0445841 0.18593 -0.0629922 0.980542 -0.136983
120 0.97312 0.148224 -0.176258 0.637478 -0.135713 0.987423 0.0811026 0.0388279 0.186063 -0.055002 0.980997 -0.128905
121 0.972142 0.145173 -0.184022 0.636583 -0.134086 0.988395 0.0713939 0.0283434 0.192251 -0.0447303 0.980326 -0.12014
122 0.971724 0.143503 -0.187509 0.63495 -0.132259 0.988653 0.071222 0.0262357 0.195602 -0.0444083 0.979677 -0.114406
123 0.969962 0.143057 -0.196743 0.642764 -0.131733 0.988842 0.0695593 0.0177478 0.204498 -0.0415525 0.977985 -0.0991066
124 0.970141 0.144326 -0.194925 0.639957 -0.133716 0.988779 0.0666082 0.0178701 0.202351 -0.0385548 0.978554 -0.0937422
125 0.970021 0.140342 -0.1984 0.64251 -0.129351 0.989307 0.0673788 0.0137958 0.205735 -0.0396956 0.977802 -0.0844933
126 0.969261 0.139055 -0.202968 0.64334 -0.127325 0.989401 0.0698138 0.0119899 0.210525 -0.041825 0.976693 -0.0783144
127 0.968621 0.137717 -0.206898 0.64125 -0.125177 0.989475 0.0725872 0.00874227 0.214717 -0.0444106 0.975666 -0.0718032
128 0.965319 0.145024 -0.217087 0.643868 -0.132572 0.988631 0.0709419 0.0015779 0.224907 -0.0397019 0.973571 -0.0610019
129 0.963812 0.148318 -0.221514 0.645164 -0.136488 0.988314 0.067876 -0.00240391 0.228992 -0.0351858 0.972792 -0.0552398
130 0.961832 0.154375 -0.225937 0.645606 -0.142966 0.987517 0.0661189 -0.0103126 0.233323 -0.0312941 0.971896 -0.05131
131 0.959352 0.159482 -0.232829 0.64662 -0.148955 0.986884 0.0622326 -0.0136132 0.2397 -0.0250219 0.970524 -0.0464363
132 0.956759 0.161385 -0.242004 0.650505 -0.151185 0.986666 0.0602706 -0.0197794 0.248504 -0.021077 0.968401 -0.0416976
133 0.954635 0.162937 -0.249245 0.650231 -0.153075 0.986476 0.0585892 -0.0268567 0.25542 -0.0177782 0.966667 -0.0359067
134 0.952099 0.165267 -0.257284 0.651212 -0.156474 0.986181 0.0544353 -0.031937 0.262725 -0.0115696 0.964801 -0.030391
135 0.948532 0.16795 -0.268478 0.657698 -0.160092 0.98578 0.0510653 -0.0400508 0.273236 -0.00545596 0.961931 -0.0258365
136 0.940136 0.179707 -0.289567 0.659762 -0.173531 0.983702 0.047088 -0.0522417 0.29331 0.00597973 0.955999 -0.014353
137 0.934871 0.1846 -0.303215 0.665214 -0.179747 0.982724 0.0440971 -0.0569726 0.306117 0.0132768 0.951901 -0.00894015
138 0.929849 0.189282 -0.315522 0.668972 -0.184923 0.981768 0.0439911 -0.0649225 0.318096 0.0174423 0.947898 -0.00391173
139 0.924381 0.195714 -0.327437 0.6716 -0.192135 0.9804 0.0435863 -0.0720262 0.32955 0.022622 0.943867 0.00409154
140 0.918312 0.20266 -0.340048 0.675565 -0.201094 0.978745 0.0402471 -0.0786757 0.340977 0.0314221 0.939546 0.0112224
141 0.912062 0.211726 -0.351162 0.677224 -0.212052 0.976519 0.0380158 -0.0891673 0.350966 0.0397918 0.935542 0.0177241
142 0.904348 0.218137 -0.366838 0.683774 -0.221992 0.974516 0.0322198 -0.093251 0.364518 0.0522973 0.929727 0.0284142
143 0.897046 0.222922 -0.381594 0.688137 -0.228982 0.972965 0.0301035 -0.101039 0.377988 0.0603741 0.92384 0.0358035
144 0.890405 0.229021 -0.393355 0.689528 -0.236198 0.971217 0.0308063 -0.11345 0.389088 0.0654793 0.918871 0.0384147
145 0.882458 0.236989 -0.406331 0.695085 -0.247297 0.96854 0.0278213 -0.119207 0.400141 0.0759332 0.913302 0.0474892
146 0.876484 0.24364 -0.41523 0.700296 -0.255882 0.966334 0.026882 -0.129765 0.4078 0.0826881 0.909319 0.0530746
147 0.870809 0.249798 -0.423429 0.706806 -0.266081 0.963715 0.0213205 -0.135791 0.413391 0.0941004 0.905678 0.0606583
148 0.867023 0.254913 -0.428124 0.710347 -0.274783 0.961374 0.0159403 -0.144079 0.415651 0.103821 0.903579 0.0654925
149 0.862024 0.257325 -0.43669 0.714792 -0.280484 0.959785 0.0118903 -0.149415 0.422188 0.112235 0.899534 0.0686588
150 0.855163 0.25986 -0.448519 0.719208 -0.285839 0.958223 0.0101771 -0.154696 0.432426 0.119501 0.893715 0.0721309
151 0.847913 0.262155 -0.46078 0.724244 -0.290062 0.956948 0.0106806 -0.16008 0.443743 0.124598 0.88745 0.0772181
152 0.84149 0.266262 -0.470106 0.731096 -0.296186 0.95507 0.0107665 -0.164276 0.451851 0.130179 0.882544 0.0804289
153 0.839063 0.266645 -0.474208 0.736524 -0.297534 0.954655 0.010342 -0.169596 0.455463 0.132416 0.880352 0.0856081
154 0.838782 0.261276 -0.477681 0.740384 -0.294189 0.955727 0.00617238 -0.172747 0.458146 0.135351 0.878511 0.0873292
155 0.836698 0.260907 -0.481522 0.743914 -0.295979 0.955189 0.00326077 -0.173247 0.460795 0.139792 0.876428 0.0901559
156 0.834072 0.260728 -0.486154 0.750631 -0.295917 0.955203 0.00459095 -0.177125 0.465572 0.140032 0.873861 0.0946483
157 0.832789 0.259088 -0.489219 0.755105 -0.294613 0.955606 0.00457013 -0.180603 0.468685 0.140324 0.872149 0.0968072
158 0.832374 0.25896 -0.489993 0.761176 -0.293887 0.955822 0.00591018 -0.183779 0.469876 0.139083 0.871706 0.0995226
159 0.834087 0.256407 -0.48842 0.764977 -0.290116 0.956966 0.0069414 -0.191536 0.469182 0.135909 0.872581 0.102032
160 0.837683 0.247896 -0.486657 0.769153 -0.283501 0.958972 0.000495727 -0.194072 0.466814 0.137553 0.873593 0.0963816
161 0.840147 0.237041 -0.487816 0.774487 -0.273833 0.961768 -0.00426662 -0.194024 0.468154 0.137165 0.872936 0.0970134
162 0.839912 0.2313 -0.490967 0.780253 -0.266701 0.963777 -0.0022071 -0.198598 0.472672 0.132795 0.871175 0.0970568
163 0.838585 0.226619 -0.495397 0.783186 -0.26319 0.964735 -0.00419962 -0.203196 0.476975 0.133906 0.868656 0.0963885
164 0.83667 0.220693 -0.501276 0.79193 -0.259864 0.965607 -0.00861426 -0.206199 0.482135 0.137471 0.865244 0.0958574
165 0.836152 0.217195 -0.503663 0.800489 -0.258264 0.965998 -0.012185 -0.206908 0.483891 0.140266 0.863814 0.0944043
166 0.837309 0.212877 -0.503585 0.806917 -0.254396 0.966996 -0.0142105 -0.206927 0.483939 0.140008 0.863829 0.0920124
167 0.83871 0.206158 -0.504048 0.814446 -0.246925 0.968925 -0.0145764 -0.208547 0.485379 0.136688 0.863553 0.08908
168 0.839507 0.203177 -0.503932 0.818694 -0.242444 0.970081 -0.0127713 -0.207101 0.48626 0.132897 0.863649 0.0867972
169 0.837754 0.20704 -0.505275 0.824075 -0.245428 0.969366 -0.00971899 -0.20717 0.487784 0.132151 0.862904 0.0873429
170 0.83696 0.211216 -0.504863 0.831469 -0.250386 0.968094 -0.0100757 -0.204277 0.486626 0.134844 0.863141 0.0818744
171 0.836588 0.214281 -0.504186 0.838744 -0.253252 0.967358 -0.00908638 -0.201033 0.485781 0.135288 0.863547 0.0786196
172 0.835694 0.221069 -0.502736 0.843197 -0.258936 0.965878 -0.00570053 -0.198245 0.484321 0.134941 0.864421 0.0735809
173 0.833354 0.225959 -0.504444 0.850819 -0.264226 0.96445 -0.00449488 -0.189762 0.485496 0.137033 0.863432 0.0623362
174 0.830326 0.2331 -0.506185 0.85543 -0.270913 0.962603 -0.00111328 -0.185296 0.486996 0.138057 0.862424 0.0568066
175 0.827964 0.237577 -0.50797 0.862899 -0.274416 0.961608 0.00246 -0.183628 0.489053 0.137358 0.861371 0.0539572
176 0.827126 0.238361 -0.508966 0.86931 -0.274449 0.961592 0.00432701 -0.179216 0.490449 0.136106 0.860776 0.051605
177 0.826848 0.238116 -0.509532 0.875201 -0.273245 0.961925 0.0061183 -0.178383 0.491588 0.134168 0.86043 0.0466518
178 0.826146 0.239245 -0.510143 0.881319 -0.274323 0.961614 0.0067245 -0.17409 0.492169 0.134388 0.860064 0.0417489
179 0.825388 0.242032 -0.510054 0.887812 -0.275659 0.961203 0.0100303 -0.170984 0.492693 0.132322 0.860084 0.0406792
180 0.826439 0.241001 -0.508839 0.896534 -0.272325 0.962112 0.0133834 -0.171322 0.492786 0.127509 0.860758 0.0369434
181 0.827966 0.240583 -0.50655 0.902051 -0.26966 0.962814 0.0165183 -0.167768 0.491687 0.12292 0.862053 0.0339122
182 0.827691 0.240331 -0.507117 0.907384 -0.266707 0.963542 0.0213319 -0.166645 0.493755 0.117596 0.861613 0.0314669
183 0.826209 0.24042 -0.509486 0.914098 -0.263841 0.964185 0.0271273 -0.166123 0.497761 0.112011 0.860051 0.0297423
184 0.825271 0.240488 -0.510974 0.920171 -0.261823 0.964614 0.0311229 -0.167695 0.500377 0.1081 0.859033 0.027012
185 0.824432 0.241804 -0.511707 0.926165 -0.262712 0.964329 0.0324215 -0.168018 0.501293 0.107702 0.858548 0.0239325
186 0.823494 0.241936 -0.513152 0.931209 -0.262308 0.964394 0.033739 -0.166664 0.503044 0.10682 0.857634 0.0233605
187 0.823125 0.240959 -0.514201 0.938985 -0.260475 0.96484 0.0351685 -0.167439 0.504596 0.104988 0.856948 0.0235397
188 0.823958 0.241032 -0.512832 0.944728 -0.260642 0.964812 0.0346944 -0.169793 0.503149 0.105079 0.857788 0.0201462
189 0.824108 0.245897 -0.510275 0.951264 -0.268082 0.962896 0.0310509 -0.17036 0.498977 0.111206 0.859451 0.0210586
190 0.824784 0.243485 -0.51034 0.955748 -0.268846 0.962862 0.024892 -0.16891 0.497447 0.116672 0.859613 0.0207177
191 0.822418 0.243332 -0.514216 0.959783 -0.269368 0.962719 0.0247523 -0.163603 0.501068 0.118156 0.857304 0.0176954
192 0.817918 0.245992 -0.520094 0.964921 -0.270119 0.962348 0.030369 -0.162816 0.507982 0.115648 0.853569 0.0176469
193 0.814113 0.247577 -0.525287 0.972463 -0.270437 0.962125 0.0343322 -0.163673 0.513891 0.114107 0.850233 0.0187046
194 0.811279 0.246221 -0.530284 0.989823 -0.268994 0.962492 0.0353701 -0.157992 0.519103 0.113949 0.847082 0.0110187
195 0.809888 0.247243 -0.531932 0.997307 -0.270152 0.962148 0.0358904 -0.155406 0.520671 0.114635 0.846026 0.0106102
196 0.808622 0.249914 -0.53261 1.0016 -0.272724 0.961379 0.037047 -0.157105 0.521299 0.115299 0.845549 0.0131175
197 0.806935 0.250732 -0.53478 1.00777 -0.274528 0.960895 0.0362769 -0.154302 0.522963 0.117539 0.844212 0.0133127
198 0.803562 0.254945 -0.537858 1.01477 -0.278499 0.959652 0.0387976 -0.153363 0.526048 0.118617 0.842142 0.0146694
199 0.800111 0.257942 -0.54156 1.0194 -0.281509 0.958694 0.0407138 -0.153865 0.529693 0.119879 0.839675 0.0177248
200 0.795866 0.261529 -0.546077 1.02607 -0.285191 0.957509 0.0429286 -0.15177 0.5341 0.121571 0.836635 0.0183035
201 0.790929 0.26813 -0.550034 1.03172 -0.291763 0.955375 0.0461799 -0.151314 0.537871 0.123955 0.833864 0.0196178
202 0.785287 0.27474 -0.554835 1.0401 -0.299185 0.952965 0.0484313 -0.150287 0.542045 0.127966 0.830549 0.0223148
203 0.776882 0.28083 -0.563551 1.05519 -0.305722 0.950684 0.0522938 -0.149557 0.550444 0.131664 0.824424 0.0286702
204 0.771263 0.287422 -0.567928 1.06161 -0.311296 0.948583 0.057319 -0.149357 0.555202 0.132586 0.82108 0.031055
205 0.76514 0.293515 -0.57307 1.0733 -0.317508 0.946307 0.0607555 -0.150761 0.560133 0.135468 0.817251 0.0328633
206 0.762186 0.297127 -0.575142 1.0815 -0.321232 0.944938 0.0624684 -0.151396 0.562034 0.137141 0.815665 0.0368716
207 0.759714 0.300427 -0.576696 1.08994 -0.324489 0.943711 0.0641544 -0.151021 0.563508 0.138393 0.814436 0.0398223
208 0.757299 0.303996 -0.578 1.10411 -0.328251 0.942315 0.0655289 -0.146914 0.564578 0.140104 0.813402 0.0278519
209 0.75303 0.306083 -0.58246 1.11392 -0.330243 0.941459 0.0677839 -0.143436 0.56911 0.14131 0.810028 0.0329618
210 0.747692 0.312887 -0.585712 1.12253 -0.335951 0.939063 0.0727873 -0.142742 0.572794 0.142348 0.807244 0.035857
211 0.743518 0.317641 -0.58846 1.13195 -0.339506 0.937443 0.0770517 -0.142601 0.576122 0.142496 0.804847 0.0420957
212 0.740711 0.321749 -0.589767 1.13933 -0.342806 0.935986 0.0800867 -0.141094 0.577781 0.142854 0.803593 0.0457449
213 0.737331 0.326422 -0.591432 1.14952 -0.345995 0.934434 0.0843832 -0.139302 0.580199 0.142414 0.801927 0.0497628
214 0.734959 0.33185 -0.591363 1.16084 -0.349207 0.932768 0.0894298 -0.138355 0.581282 0.140781 0.801431 0.0539576
215 0.732566 0.339427 -0.590031 1.1744 -0.35069 0.931112 0.100234 -0.133919 0.583407 0.13349 0.801135 0.0622856
216 0.729175 0.343434 -0.59191 1.18259 -0.351272 0.930145 0.10695 -0.134348 0.587292 0.129936 0.798877 0.0686715
217 0.724363 0.351911 -0.592838 1.19829 -0.355376 0.927457 0.116325 -0.132577 0.590767 0.126419 0.796876 0.0774885
218 0.723864 0.354998 -0.591606 1.20514 -0.35652 0.926578 0.119778 -0.132769 0.59069 0.124216 0.79728 0.0808307
219 0.723375 0.354315 -0.592612 1.21625 -0.354695 0.927077 0.121327 -0.125443 0.592385 0.122431 0.796298 0.0817059
220 0.721127 0.355884 -0.594409 1.22382 -0.35267 0.927063 0.127196 -0.124711 0.596321 0.117905 0.79404 0.086704
221 0.719986 0.357955 -0.594549 1.23005 -0.350754 0.92693 0.133314 -0.12451 0.598826 0.112556 0.79293 0.0900557
222 0.719242 0.359675 -0.594411 1.23756 -0.34928 0.926777 0.138157 -0.122997 0.600578 0.108247 0.792205 0.0939592
223 0.718805 0.362751 -0.593069 1.24409 -0.349239 0.926038 0.143129 -0.12229 0.601125 0.104241 0.792327 0.0982705
224 0.717105 0.370293 -0.59046 1.25617 -0.352797 0.923488 0.150678 -0.121961 0.601078 0.100261 0.792876 0.104117
225 0.716859 0.373307 -0.588859 1.26117 -0.353079 0.92265 0.155087 -0.1211 0.601206 0.0967383 0.793217 0.107981
226 0.713325 0.382959 -0.586949 1.27554 -0.35782 0.919128 0.164829 -0.110785 0.602604 0.0924459 0.792668 0.110203
227 0.712541 0.387437 -0.58496 1.28137 -0.358485 0.917711 0.171156 -0.111493 0.603136 0.0877438 0.792798 0.115602
228 0.714537 0.39861 -0.574932 1.29013 -0.365071 0.913488 0.179619 -0.106757 0.596792 0.0815468 0.798242 0.124534
229 0.714043 0.406532 -0.569978 1.29434 -0.369541 0.910338 0.186346 -0.109464 0.594628 0.0775708 0.80025 0.130286
230 0.717845 0.410675 -0.562179 1.30049 -0.36839 0.909245 0.193812 -0.104217 0.590752 0.0679737 0.803985 0.141064
231 0.71809 0.413608 -0.559711 1.30648 -0.367232 0.908351 0.200096 -0.104068 0.591175 0.0618564 0.804168 0.146145
232 0.717562 0.416704 -0.558089 1.31269 -0.367351 0.907198 0.20505 -0.101338 0.591742 0.0578783 0.804047 0.155095
233 0.720948 0.418371 -0.552449 1.31769 -0.366008 0.906818 0.209094 -0.0945468 0.588449 0.0514547 0.806895 0.151836
234 0.724192 0.418379 -0.548183 1.32279 -0.361358 0.907285 0.215067 -0.091392 0.587338 0.04234 0.808233 0.159934
235 0.729214 0.424643 -0.536587 1.32893 -0.356193 0.905098 0.232215 -0.0875926 0.584272 0.0217938 0.811265 0.175034
236 0.730493 0.429029 -0.531333 1.33195 -0.355129 0.903203 0.241057 -0.0877912 0.583322 0.012601 0.812144 0.185921
237 0.731719 0.437697 -0.522503 1.33378 -0.355547 0.899122 0.255276 -0.0884677 0.581527 -0.00101556 0.813526 0.200868
238 0.730668 0.441519 -0.520754 1.33426 -0.355109 0.897226 0.262455 -0.0904988 0.583113 -0.00684287 0.812362 0.209882
239 0.729641 0.444081 -0.520016 1.33782 -0.355604 0.895939 0.266157 -0.0860387 0.584097 -0.00927901 0.811631 0.211382
240 0.727785 0.448045 -0.519216 1.33743 -0.35691 0.893931 0.271114 -0.0890165 0.585615 -0.0119988 0.810501 0.221963
241 0.726101 0.450487 -0.51946 1.34019 -0.359714 0.892725 0.271381 -0.0904568 0.585988 -0.0101933 0.810255 0.230657
242 0.725698 0.457175 -0.514154 1.34274 -0.365549 0.889303 0.274799 -0.100139 0.58287 -0.0114722 0.812485 0.246681
243 0.727207 0.457565 -0.511667 1.34282 -0.365495 0.889075 0.275607 -0.102566 0.581019 -0.0134113 0.81378 0.254323
244 0.726041 0.461197 -0.51006 1.34333 -0.366462 0.887139 0.280515 -0.108332 0.581867 -0.0167479 0.813111 0.261612
245 0.723235 0.46505 -0.510549 1.3468 -0.369362 0.885138 0.283023 -0.110482 0.583526 -0.0161147 0.811934 0.267751
246 0.720769 0.468967 -0.510453 1.34419 -0.37461 0.88313 0.282399 -0.115303 0.583232 -0.0123237 0.812212 0.275188
247 0.716665 0.474426 -0.511186 1.34404 -0.382375 0.880276 0.280898 -0.123068 0.58325 -0.00584507 0.812271 0.280056
248 0.715954 0.475801 -0.510904 1.34471 -0.387382 0.879553 0.276264 -0.127393 0.580814 0.000122596 0.814036 0.285279
249 0.719664 0.468812 -0.512152 1.34691 -0.382715 0.883297 0.270768 -0.129997 0.579322 0.00114613 0.815098 0.291225
250 0.721834 0.463838 -0.513625 1.34889 -0.377018 0.885919 0.270194 -0.133603 0.580356 -0.00138914 0.814361 0.293111
251 0.721077 0.462193 -0.516164 1.34823 -0.374118 0.886775 0.271413 -0.136181 0.583166 -0.00260385 0.812348 0.299119
252 0.718081 0.463005 -0.519602 1.34934 -0.373707 0.886353 0.273353 -0.143089 0.587114 -0.00211052 0.809501 0.305605
253 0.716582 0.462293 -0.522298 1.35194 -0.374239 0.886726 0.271406 -0.14605 0.588605 0.000979605 0.80842 0.310417
254 0.716161 0.461593 -0.523493 1.3537 -0.374265 0.887088 0.270186 -0.150798 0.5891 0.00242865 0.808056 0.316809
255 0.717084 0.455351 -0.527679 1.35835 -0.36756 0.890311 0.268786 -0.156713 0.592191 0.00121161 0.805797 0.326345
256 0.714496 0.455484 -0.531065 1.36369 -0.365708 0.890244 0.271521 -0.159689 0.596451 0.00021414 0.80265 0.334142
257 0.712162 0.45589 -0.533844 1.36721 -0.363378 0.890034 0.275311 -0.164707 0.600651 -0.0020788 0.799508 0.346075
258 0.709888 0.456577 -0.53628 1.36793 -0.363877 0.889683 0.275784 -0.167119 0.603036 -0.000635429 0.797713 0.353204
259 0.707253 0.456052 -0.540195 1.36919 -0.362417 0.889953 0.276834 -0.170639 0.606999 -1.54561e-05 0.794703 0.359159
260 0.701569 0.457556 -0.5463 1.37081 -0.363597 0.889173 0.277792 -0.173809 0.61286 0.00374313 0.790182 0.365485
261 0.69495 0.461256 -0.551622 1.37072 -0.366896 0.88723 0.279659 -0.178536 0.618411 0.00803847 0.785814 0.370288
262 0.688448 0.461594 -0.559438 1.37465 -0.367782 0.886989 0.279262 -0.18502 0.62512 0.013494 0.780412 0.377608
263 0.682384 0.460599 -0.567627 1.37543 -0.368608 0.887377 0.276929 -0.187742 0.631253 0.0202601 0.775313 0.38323
264 0.671087 0.464784 -0.577598 1.38034 -0.37361 0.884942 0.278017 -0.19381 0.640358 0.0292224 0.76752 0.386521
265 0.646517 0.47682 -0.595532 1.38995 -0.391347 0.877367 0.277623 -0.206623 0.654876 0.0535717 0.753835 0.398158
266 0.635579 0.48165 -0.603368 1.39237 -0.400482 0.873844 0.2757 -0.213085 0.66004 0.0664088 0.748289 0.404175
267 0.623071 0.487342 -0.611785 1.39558 -0.411869 0.869368 0.273063 -0.21737 0.664941 0.0818374 0.742399 0.409093
268 0.610304 0.490814 -0.621796 1.40544 -0.417509 0.866357 0.274065 -0.224692 0.673212 0.0923428 0.733661 0.416875
269 0.60222 0.491679 -0.628954 1.40897 -0.420546 0.865044 0.27357 -0.227809 0.678581 0.0997545 0.72772 0.422585
270 0.594137 0.492901 -0.635649 1.41485 -0.421285 0.863878 0.276104 -0.235079 0.685216 0.103746 0.720913 0.428427
271 0.585487 0.495544 -0.641592 1.42151 -0.424607 0.861634 0.27802 -0.240291 0.690589 0.109648 0.714888 0.436028
272 0.57957 0.498705 -0.644509 1.42323 -0.428937 0.859147 0.279068 -0.248483 0.692901 0.114714 0.711849 0.442796
273 0.569884 0.498129 -0.653529 1.43563 -0.434444 0.857716 0.274923 -0.257245 0.697489 0.127247 0.705208 0.455782
274 0.563021 0.499939 -0.658079 1.44175 -0.437925 0.855772 0.275458 -0.264485 0.700878 0.133101 0.700753 0.463315
275 0.558371 0.499975 -0.662002 1.44801 -0.440907 0.854803 0.273701 -0.266015 0.702725 0.139055 0.69774 0.467915
276 0.553643 0.500301 -0.665716 1.45284 -0.441112 0.854239 0.27513 -0.270121 0.706328 0.141331 0.693632 0.473607
277 0.547511 0.501972 -0.669519 1.45805 -0.441928 0.852872 0.278046 -0.274698 0.710585 0.143646 0.688792 0.47989
278 0.542435 0.503332 -0.672622 1.46314 -0.444916 0.851263 0.27821 -0.274954 0.71261 0.14835 0.685696 0.482294
279 0.538259 0.503448 -0.675883 1.46704 -0.445192 0.850796 0.279195 -0.276824 0.715598 0.150619 0.68208 0.487833
280 0.534445 0.502951 -0.679271 1.46928 -0.444644 0.850785 0.280101 -0.278225 0.718791 0.152335 0.678332 0.492624
281 0.527651 0.503532 -0.684134 1.4717 -0.445346 0.849796 0.281981 -0.27953 0.723361 0.155889 0.672642 0.496683
282 0.521827 0.504589 -0.687812 1.47236 -0.446566 0.848574 0.283727 -0.28099 0.726825 0.159098 0.668142 0.499017
283 0.516375 0.502844 -0.693184 1.47738 -0.444159 0.849328 0.285245 -0.284223 0.732175 0.160591 0.661915 0.505859
284 0.514054 0.502209 -0.695366 1.47661 -0.442911 0.849654 0.286215 -0.286954 0.73456 0.160855 0.659202 0.508378
285 0.511324 0.498146 -0.700284 1.4819 -0.438828 0.851966 0.285628 -0.288433 0.738903 0.161256 0.654231 0.516648
286 0.513257 0.495049 -0.701066 1.47886 -0.433712 0.854501 0.285871 -0.294594 0.740582 0.157335 0.653287 0.518349
287 0.513132 0.492044 -0.70327 1.47815 -0.431341 0.856214 0.284329 -0.297164 0.742051 0.157451 0.651589 0.519392
288 0.509979 0.487379 -0.70879 1.4802 -0.429222 0.858265 0.281334 -0.301018 0.745446 0.160754 0.646891 0.527806
289 0.508079 0.484717 -0.711973 1.47874 -0.429729 0.85904 0.278179 -0.308491 0.746451 0.164618 0.644757 0.530663
290 0.5071 0.480289 -0.715662 1.47749 -0.42928 0.860767 0.273494 -0.314352 0.747374 0.16853 0.642673 0.535397
291 0.505697 0.475313 -0.719964 1.47751 -0.427922 0.862836 0.269066 -0.3195 0.749102 0.172022 0.639731 0.540084
292 0.50528 0.471275 -0.722905 1.47555 -0.429651 0.863885 0.262874 -0.322516 0.748393 0.177772 0.638987 0.540486
293 0.504021 0.46802 -0.725893 1.47487 -0.430276 0.864798 0.258819 -0.330804 0.748883 0.181884 0.637254 0.546218
294 0.506837 0.4642 -0.726385 1.47251 -0.431533 0.866077 0.252368 -0.33712 0.746255 0.185549 0.639277 0.546982
295 0.51068 0.457211 -0.728123 1.4698 -0.429808 0.869225 0.244361 -0.342466 0.744628 0.188163 0.640409 0.553091
296 0.51234 0.452804 -0.72971 1.46533 -0.429366 0.870939 0.238977 -0.348029 0.743742 0.190875 0.640636 0.557352
297 0.511415 0.450734 -0.731638 1.46104 -0.432467 0.870723 0.234125 -0.354399 0.742582 0.196674 0.640228 0.560626
298 0.511513 0.4478 -0.733369 1.45746 -0.435543 0.870828 0.22795 -0.360772 0.740714 0.202814 0.640476 0.562671
299 0.511802 0.445626 -0.734491 1.45291 -0.438528 0.870691 0.22269 -0.365203 0.738751 0.208121 0.641041 0.564968
300 0.51161 0.44184 -0.736908 1.4456 -0.439552 0.871515 0.217383 -0.372944 0.738275 0.212694 0.640087 0.568505
301 0.507695 0.437886 -0.741958 1.44032 -0.444266 0.870933 0.210009 -0.383335 0.738156 0.223006 0.636706 0.571638
302 0.506495 0.432803 -0.745751 1.4291 -0.45506 0.868812 0.195158 -0.396888 0.732382 0.240515 0.637 0.568606
303 0.505327 0.417382 -0.755273 1.42642 -0.460381 0.870675 0.173131 -0.404638 0.729859 0.260226 0.63213 0.57744
304 0.508095 0.399991 -0.762789 1.42672 -0.460132 0.87471 0.152185 -0.408559 0.728092 0.273659 0.628485 0.580049
305 0.510325 0.382988 -0.769992 1.42347 -0.453864 0.880457 0.137126 -0.409728 0.730463 0.279493 0.623144 0.584112
306 0.509331 0.369819 -0.777056 1.41991 -0.444478 0.886241 0.130444 -0.408023 0.7369 0.278945 0.615766 0.588579
307 0.505512 0.360831 -0.783747 1.41741 -0.433906 0.891449 0.13055 -0.412108 0.745777 0.274078 0.607205 0.594874
308 0.503148 0.354237 -0.788262 1.41167 -0.425714 0.895377 0.13064 -0.421422 0.75207 0.269843 0.601312 0.599565
309 0.501564 0.345709 -0.793044 1.40803 -0.421071 0.898331 0.125298 -0.426932 0.755733 0.271083 0.596139 0.60572
310 0.500936 0.337768 -0.796854 1.40592 -0.41813 0.900575 0.118878 -0.436928 0.75778 0.273638 0.592362 0.611594
311 0.502583 0.32607 -0.80068 1.40369 -0.415463 0.903286 0.107072 -0.440784 0.758156 0.27884 0.589446 0.617424
312 0.50322 0.315058 -0.804679 1.40293 -0.411582 0.906153 0.0973988 -0.441965 0.759849 0.282178 0.585667 0.623573
313 0.502024 0.305971 -0.808921 1.40079 -0.405003 0.909603 0.0927054 -0.443186 0.764163 0.281075 0.580562 0.628577
314 0.497136 0.30211 -0.813379 1.39774 -0.401 0.911305 0.0933921 -0.448763 0.769451 0.279737 0.574188 0.632566
315 0.490233 0.299551 -0.818499 1.39683 -0.401053 0.911291 0.0933042 -0.455902 0.77384 0.28252 0.56688 0.640938
316 0.486643 0.296261 -0.821832 1.39559 -0.402844 0.910852 0.0898098 -0.463478 0.775174 0.287365 0.562607 0.648334
317 0.485834 0.28971 -0.824642 1.39539 -0.404223 0.910986 0.0818976 -0.467449 0.774964 0.293551 0.559696 0.653578
318 0.484249 0.28418 -0.827493 1.39583 -0.404962 0.911175 0.0759345 -0.470616 0.77557 0.298332 0.556317 0.658403
319 0.479918 0.280163 -0.831377 1.39455 -0.406575 0.910759 0.0722159 -0.473886 0.777416 0.303359 0.550996 0.664977
320 0.473921 0.275683 -0.8363 1.39596 -0.406405 0.911007 0.0700058 -0.478965 0.781175 0.306699 0.543785 0.671085
321 0.467293 0.273508 -0.840732 1.39682 -0.407256 0.910636 0.0698892 -0.483905 0.784717 0.309735 0.536921 0.676481
322 0.45892 0.271078 -0.846114 1.39981 -0.407564 0.910441 0.0706299 -0.490441 0.789483 0.312432 0.528301 0.683875
323 0.451364 0.269435 -0.850691 1.39949 -0.411413 0.908792 0.069547 -0.493703 0.791839 0.318594 0.521045 0.689457
324 0.442151 0.267571 -0.8561 1.40436 -0.412716 0.908114 0.0706718 -0.501342 0.796346 0.322079 0.511955 0.699523
325 0.433356 0.267762 -0.860526 1.40584 -0.41558 0.906636 0.0728262 -0.507582 0.799685 0.326058 0.504173 0.706036
326 0.423158 0.267617 -0.865632 1.40929 -0.418352 0.905156 0.0753283 -0.509955 0.803691 0.330263 0.494982 0.711394
327 0.409756 0.270935 -0.87103 1.41382 -0.423721 0.902139 0.0812816 -0.515224 0.807812 0.335768 0.484458 0.719473
328 0.396303 0.274797 -0.876031 1.41846 -0.430875 0.898224 0.0868375 -0.521043 0.810735 0.343046 0.474372 0.728559
329 0.383479 0.279922 -0.880107 1.42243 -0.44011 0.893186 0.092318 -0.525551 0.81194 0.351942 0.465714 0.736004
330 0.371972 0.283912 -0.88376 1.4249 -0.447078 0.889168 0.0974751 -0.530705 0.813485 0.358852 0.457676 0.744225
331 0.359682 0.288311 -0.887415 1.43017 -0.456031 0.884055 0.102384 -0.536057 0.814042 0.367863 0.449457 0.751861
332 0.349488 0.290732 -0.890692 1.43628 -0.458954 0.881899 0.107779 -0.540932 0.816835 0.371119 0.441646 0.763282
333 0.340859 0.294512 -0.892792 1.44233 -0.460935 0.880039 0.114324 -0.544357 0.819362 0.372551 0.43572 0.77303
334 0.333262 0.299035 -0.894156 1.44685 -0.460671 0.879104 0.122304 -0.547875 0.822629 0.371152 0.430729 0.784377
335 0.32511 0.305104 -0.895106 1.45224 -0.463169 0.876599 0.130569 -0.553055 0.824486 0.372136 0.426306 0.793822
336 0.318663 0.311313 -0.895287 1.45798 -0.467515 0.873265 0.137251 -0.556785 0.824551 0.374824 0.42382 0.804858
337 0.313902 0.317231 -0.894891 1.46604 -0.469735 0.870986 0.143988 -0.56183 0.825115 0.375163 0.422419 0.813324
338 0.309731 0.322082 -0.894612 1.4719 -0.46905 0.870186 0.150894 -0.562508 0.827078 0.372881 0.420596 0.825656
339 0.305282 0.32849 -0.893811 1.47812 -0.467866 0.869257 0.159666 -0.562454 0.8294 0.36944 0.419058 0.83639
340 0.301608 0.336528 -0.892066 1.48297 -0.465824 0.868375 0.170096 -0.566 0.83189 0.364243 0.418672 0.846549
341 0.299634 0.34202 -0.890641 1.48461 -0.462679 0.868501 0.177861 -0.568888 0.834355 0.358788 0.418478 0.858136
342 0.297772 0.347168 -0.889273 1.49011 -0.462112 0.867535 0.183944 -0.569851 0.835335 0.35617 0.418758 0.865931
