[{"R":[[1.0,0.0,0.0],[0.0,1.0,0.0],[0.0,0.0,1.0]],"file_name":"/home/yutong/data/rgbd_dataset_freiburg2_desk/rgb/1311868164.363181.png","t":[0.0,0.0,0.0]},{"R":[[0.9999966025352478,-0.0015090176602825522,0.0021340122912079096],[0.0015178542817011476,0.9999902844429016,-0.0041453349404037],[-0.002127736108377576,0.004148559644818306,0.9999891519546509]],"file_name":"/home/yutong/data/rgbd_dataset_freiburg2_desk/rgb/1311868164.399026.png","t":[0.0005155605613254011,-0.001033684005960822,0.0019460587063804269]},{"R":[[0.9999622106552124,-0.0046597011387348175,0.007340903393924236],[0.004723578225821257,0.9999509453773499,-0.00870838388800621],[-0.007299964781850576,0.008742730133235455,0.9999351501464844]],"file_name":"/home/yutong/data/rgbd_dataset_freiburg2_desk/rgb/1311868164.430940.png","t":[-0.0003618306072894484,-0.0019840532913804054,0.004895623307675123]},{"R":[[0.9998912811279297,-0.010099305771291256,0.010742994956672192],[0.01022910512983799,0.9998745322227478,-0.012096729129552841],[-0.010619478300213814,0.012205305509269238,0.9998691082000732]],"file_name":"/home/yutong/data/rgbd_dataset_freiburg2_desk/rgb/1311868164.463055.png","t":[-0.005645034834742546,-0.004759285133332014,0.0073138270527124405]},{"R":[[0.9998343586921692,-0.016944972798228264,0.006646207999438047],[0.017043020576238632,0.9997424483299255,-0.014984113164246082],[-0.006390591152012348,0.015094902366399765,0.9998656511306763]],"file_name":"/home/yutong/data/rgbd_dataset_freiburg2_desk/rgb/1311868164.499130.png","t":[-0.006887757685035467,-0.006475196685642004,0.009427144192159176]},{"R":[[0.9997698664665222,-0.021414699032902718,0.001260186079889536],[0.02143303118646145,0.9996258616447449,-0.016991546377539635],[-0.0008958458201959729,0.017014646902680397,0.9998548626899719]],"file_name":"/home/yutong/data/rgbd_dataset_freiburg2_desk/rgb/1311868164.531025.png","t":[-0.010068274103105068,-0.004898263607174158,0.013195548206567764]},{"R":[[0.9997151494026184,-0.02348831668496132,-0.004237188957631588],[0.023413419723510742,0.9995824098587036,-0.016935445368289948],[0.004633205011487007,0.01683141477406025,0.9998475909233093]],"file_name":"/home/yutong/data/rgbd_dataset_freiburg2_desk/rgb/1311868164.563004.png","t":[-0.010496356524527073,-0.004145050421357155,0.016054825857281685]},{"R":[[0.9996213912963867,-0.027004074305295944,-0.0052756741642951965],[0.026921872049570084,0.9995238184928894,-0.01507624052464962],[0.005680282134562731,0.014928502030670643,0.9998724460601807]],"file_name":"/home/yutong/data/rgbd_dataset_freiburg2_desk/rgb/1311868164.599061.png","t":[-0.014226891100406647,-0.003033601911738515,0.018851259723305702]},{"R":[[0.999541699886322,-0.02939789742231369,-0.0072230068035423756],[0.029320141300559044,0.9995133876800537,-0.01064501516520977],[0.007532433141022921,0.010428356938064098,0.9999172687530518]],"file_name":"/home/yutong/data/rgbd_dataset_freiburg2_desk/rgb/1311868164.631140.png","t":[-0.0159671101719141,-0.004215443506836891,0.021845832467079163]},{"R":[[0.9995821714401245,-0.02847430668771267,-0.004965142346918583],[0.02842600643634796,0.9995503425598145,-0.009541391395032406],[0.005234594456851482,0.0093962661921978,0.9999421238899231]],"file_name":"/home/yutong/data/rgbd_dataset_freiburg2_desk/rgb/1311868164.663105.png","t":[-0.01930829882621765,-0.003754673060029745,0.02460835687816143]},{"R":[[0.9995553493499756,-0.029478754848241806,-0.0044798175804317],[0.02945098653435707,0.9995473623275757,-0.006142882164567709],[0.004658874124288559,0.006008215714246035,0.9999710917472839]],"file_name":"/home/yutong/data/rgbd_dataset_freiburg2_desk/rgb/1311868164.698987.png","t":[-0.016199471428990364,-0.009710514917969704,0.031195109710097313]},{"R":[[0.9996117353439331,-0.027862193062901497,-0.0003121275804005563],[0.02785925567150116,0.9995863437652588,-0.00714328046888113],[0.0005110259517095983,0.007131811231374741,0.9999744296073914]],"file_name":"/home/yutong/data/rgbd_dataset_freiburg2_desk/rgb/1311868164.731046.png","t":[-0.021177904680371284,-0.00720820389688015,0.03435464948415756]},{"R":[[0.99962317943573,-0.027246400713920593,0.0033325012773275375],[0.027253007516264915,0.999626636505127,-0.001953741069883108],[-0.0032780244946479797,0.002043825574219227,0.9999925494194031]],"file_name":"/home/yutong/data/rgbd_dataset_freiburg2_desk/rgb/1311868164.763098.png","t":[-0.026852106675505638,-0.007426132448017597,0.03747989237308502]},{"R":[[0.9995983242988586,-0.027764569967985153,0.005680621135979891],[0.027749931439757347,0.9996114373207092,0.0026395930908620358],[-0.005751701071858406,-0.002480895956978202,0.9999803900718689]],"file_name":"/home/yutong/data/rgbd_dataset_freiburg2_desk/rgb/1311868164.799138.png","t":[-0.03370826691389084,-0.006951826624572277,0.03887235000729561]},{"R":[[0.9995810985565186,-0.028064919635653496,0.007074261084198952],[0.027996566146612167,0.9995620846748352,0.0095828827470541],[-0.007340105716139078,-0.009380812756717205,0.9999290704727173]],"file_name":"/home/yutong/data/rgbd_dataset_freiburg2_desk/rgb/1311868164.831006.png","t":[-0.042769692838191986,-0.003945168107748032,0.04036981239914894]},{"R":[[0.9995118379592896,-0.03064834326505661,0.006067909300327301],[0.030554376542568207,0.9994202852249146,0.015016024932265282],[-0.006524608004838228,-0.014823293313384056,0.9998688697814941]],"file_name":"/home/yutong/data/rgbd_dataset_freiburg2_desk/rgb/1311868164.863058.png","t":[-0.051239706575870514,-0.0028919370379298925,0.04318760335445404]},{"R":[[0.9994925260543823,-0.031700655817985535,0.003118201158940792],[0.03162233531475067,0.9992446899414063,0.02258472889661789],[-0.0038317968137562275,-0.022474663332104683,0.9997400641441345]],"file_name":"/home/yutong/data/rgbd_dataset_freiburg2_desk/rgb/1311868164.899132.png","t":[-0.057820118963718414,-0.003738441737368703,0.04359963536262512]},{"R":[[0.9993696808815002,-0.03543909266591072,0.002072662580758333],[0.035367779433727264,0.9989866614341736,0.027834754437208176],[-0.003057000692933798,-0.027743903920054436,0.9996103644371033]],"file_name":"/home/yutong/data/rgbd_dataset_freiburg2_desk/rgb/1311868164.930933.png","t":[-0.0653010755777359,-0.004193174187093973,0.04860929772257805]},{"R":[[0.999211311340332,-0.039599452167749405,0.0029358630999922752],[0.039496563374996185,0.9987893104553223,0.02932564727962017],[-0.004093588329851627,-0.029186561703681946,0.999565601348877]],"file_name":"/home/yutong/data/rgbd_dataset_freiburg2_desk/rgb/1311868164.963119.png","t":[-0.07289846241474152,-0.009358348324894905,0.049822159111499786]},{"R":[[0.9991639256477356,-0.04018358886241913,0.0075296577997505665],[0.03999847173690796,0.9989279508590698,0.023304862901568413],[-0.008458058349788189,-0.022984202951192856,0.9997000694274902]],"file_name":"/home/yutong/data/rgbd_dataset_freiburg2_desk/rgb/1311868164.999037.png","t":[-0.07913459092378616,-0.006310025695711374,0.05260280892252922]},{"R":[[0.999103844165802,-0.039415352046489716,0.01542420033365488],[0.03906268998980522,0.9989826679229736,0.02253398858010769],[-0.016296694055199623,-0.02191128581762314,0.9996271133422852]],"file_name":"/home/yutong/data/rgbd_dataset_freiburg2_desk/rgb/1311868165.031122.png","t":[-0.08724257349967957,-0.004824782256036997,0.05598584935069084]},{"R":[[0.9988425374031067,-0.04076363891363144,0.025533610954880714],[0.040150757879018784,0.9989036321640015,0.024072671309113503],[-0.02648690529167652,-0.023019613698124886,0.9993841052055359]],"file_name":"/home/yutong/data/rgbd_dataset_freiburg2_desk/rgb/1311868165.063108.png","t":[-0.09817983955144882,-0.008387289009988308,0.05724639818072319]},{"R":[[0.9982762336730957,-0.04772402346134186,0.03416166827082634],[0.04699001833796501,0.9986535906791687,0.021976392716169357],[-0.035164475440979004,-0.02033325284719467,0.9991746544837952]],"file_name":"/home/yutong/data/rgbd_dataset_freiburg2_desk/rgb/1311868165.099162.png","t":[-0.10996033251285553,-0.006506236735731363,0.06113486364483833]},{"R":[[0.9979076981544495,-0.050439268350601196,0.04044907167553902],[0.04943067580461502,0.9984504580497742,0.025559483096003532],[-0.04167559742927551,-0.02350657805800438,0.9988546371459961]],"file_name":"/home/yutong/data/rgbd_dataset_freiburg2_desk/rgb/1311868165.131014.png","t":[-0.12075568735599518,-0.005690314806997776,0.06413088738918304]},{"R":[[0.99724942445755,-0.05597841739654541,0.048580095171928406],[0.05446362867951393,0.9980039596557617,0.03196493163704872],[-0.05027247220277786,-0.029231160879135132,0.9983077049255371]],"file_name":"/home/yutong/data/rgbd_dataset_freiburg2_desk/rgb/1311868165.163146.png","t":[-0.1350013166666031,-0.009839719161391258,0.06756682693958282]},{"R":[[0.9966843128204346,-0.06279915571212769,0.051736291497945786],[0.06104655936360359,0.9975284934043884,0.03478802368044853],[-0.053793083876371384,-0.031514354050159454,0.9980546832084656]],"file_name":"/home/yutong/data/rgbd_dataset_freiburg2_desk/rgb/1311868165.199145.png","t":[-0.14268818497657776,-0.012770337983965874,0.07386697083711624]},{"R":[[0.9964606761932373,-0.0670236200094223,0.05073423311114311],[0.06518526375293732,0.9971846342086792,0.037063293159008026],[-0.05307551100850105,-0.03362499177455902,0.9980242252349854]],"file_name":"/home/yutong/data/rgbd_dataset_freiburg2_desk/rgb/1311868165.231193.png","t":[-0.1446414738893509,-0.02010815404355526,0.07975995540618896]},{"R":[[0.9959682822227478,-0.06837143748998642,0.05807363614439964],[0.06636526435613632,0.9971529245376587,0.03580080717802048],[-0.06035604700446129,-0.03180239722132683,0.9976701736450195]],"file_name":"/home/yutong/data/rgbd_dataset_freiburg2_desk/rgb/1311868165.263005.png","t":[-0.15643496811389923,-0.025447998195886612,0.0834193155169487]},{"R":[[0.9951270818710327,-0.07195782661437988,0.06741030514240265],[0.06986472010612488,0.9970133900642395,0.03291252627968788],[-0.06957728415727615,-0.028042543679475784,0.997182309627533]],"file_name":"/home/yutong/data/rgbd_dataset_freiburg2_desk/rgb/1311868165.299103.png","t":[-0.1650078147649765,-0.03144298121333122,0.0872141569852829]},{"R":[[0.9941584467887878,-0.07370605319738388,0.07884412258863449],[0.07197266072034836,0.9971029758453369,0.024609185755252838],[-0.0804295539855957,-0.01879080757498741,0.9965831637382507]],"file_name":"/home/yutong/data/rgbd_dataset_freiburg2_desk/rgb/1311868165.331226.png","t":[-0.17623287439346313,-0.03230154514312744,0.09118237346410751]},{"R":[[0.9933935403823853,-0.07539798319339752,0.08651282638311386],[0.07373382896184921,0.9970291256904602,0.022277332842350006],[-0.08793547004461288,-0.01575123704969883,0.996001660823822]],"file_name":"/home/yutong/data/rgbd_dataset_freiburg2_desk/rgb/1311868165.363060.png","t":[-0.18635745346546173,-0.03476333245635033,0.0929531529545784]},{"R":[[0.9927870631217957,-0.07848004996776581,0.09063514322042465],[0.07669486850500107,0.9967888593673706,0.02301933616399765],[-0.09215066581964493,-0.015902047976851463,0.9956181049346924]],"file_name":"/home/yutong/data/rgbd_dataset_freiburg2_desk/rgb/1311868165.399160.png","t":[-0.19530586898326874,-0.039235666394233704,0.09701298922300339]},{"R":[[0.9923356175422668,-0.08025991171598434,0.09395941346883774],[0.07867760211229324,0.9966907501220703,0.020431339740753174],[-0.09528829157352448,-0.012882244773209095,0.9953663349151611]],"file_name":"/home/yutong/data/rgbd_dataset_freiburg2_desk/rgb/1311868165.430962.png","t":[-0.20418928563594818,-0.04354586452245712,0.09974353760480881]},{"R":[[0.9923619031906128,-0.07557015120983124,0.09750361740589142],[0.07472926378250122,0.9971286058425903,0.012252687476575375],[-0.09814958274364471,-0.004872726742178202,0.9951597452163696]],"file_name":"/home/yutong/data/rgbd_dataset_freiburg2_desk/rgb/1311868165.463114.png","t":[-0.21353954076766968,-0.04835178703069687,0.10213107615709305]},{"R":[[0.9923268556594849,-0.07012489438056946,0.10183271765708923],[0.07018105685710907,0.9975296258926392,0.0030354931950569153],[-0.10179401934146881,0.004134526476264,0.9947969317436218]],"file_name":"/home/yutong/data/rgbd_dataset_freiburg2_desk/rgb/1311868165.499179.png","t":[-0.21979722380638123,-0.05044472590088844,0.1040128692984581]},{"R":[[0.992206871509552,-0.06580208986997604,0.10580933839082718],[0.06694608181715012,0.9977299571037292,-0.007292789872735739],[-0.10508926957845688,0.014319476671516895,0.9943596720695496]],"file_name":"/home/yutong/data/rgbd_dataset_freiburg2_desk/rgb/1311868165.531124.png","t":[-0.22733604907989502,-0.05063558369874954,0.1075223907828331]},{"R":[[0.9920654296875,-0.06381634622812271,0.10832184553146362],[0.06538186967372894,0.9978001117706299,-0.010959290899336338],[-0.10738416761159897,0.017954617738723755,0.994055449962616]],"file_name":"/home/yutong/data/rgbd_dataset_freiburg2_desk/rgb/1311868165.563054.png","t":[-0.23656333982944489,-0.05450495332479477,0.10689464211463928]},{"R":[[0.9919720888137817,-0.0658760815858841,0.10794299840927124],[0.06781914830207825,0.997593343257904,-0.014425824396312237],[-0.10673289746046066,0.02163061872124672,0.9940524101257324]],"file_name":"/home/yutong/data/rgbd_dataset_freiburg2_desk/rgb/1311868165.599188.png","t":[-0.24214066565036774,-0.052451763302087784,0.1095718964934349]},{"R":[[0.9918932914733887,-0.07036229968070984,0.10581500828266144],[0.07180626690387726,0.9973695278167725,-0.009894097223877907],[-0.10484049469232559,0.01741207018494606,0.9943366050720215]],"file_name":"/home/yutong/data/rgbd_dataset_freiburg2_desk/rgb/1311868165.631159.png","t":[-0.24648332595825195,-0.05695514753460884,0.11280045658349991]},{"R":[[0.99199378490448,-0.07318006455898285,0.102922223508358],[0.07442792505025864,0.9971916079521179,-0.00833152700215578],[-0.10202347487211227,0.01592511124908924,0.9946545362472534]],"file_name":"/home/yutong/data/rgbd_dataset_freiburg2_desk/rgb/1311868165.663251.png","t":[-0.25303712487220764,-0.058469343930482864,0.11608994007110596]},{"R":[[0.9924089312553406,-0.0747808963060379,0.09763354808092117],[0.07559064775705338,0.9971282482147217,-0.004616198595613241],[-0.09700796753168106,0.011961339972913265,0.9952117204666138]],"file_name":"/home/yutong/data/rgbd_dataset_freiburg2_desk/rgb/1311868165.699187.png","t":[-0.25729474425315857,-0.06014407426118851,0.11759192496538162]},{"R":[[0.992504894733429,-0.07608480751514435,0.09563003480434418],[0.07667816430330276,0.9970526695251465,-0.0025399881415069103],[-0.09515492618083954,0.009853686206042767,0.9954137206077576]],"file_name":"/home/yutong/data/rgbd_dataset_freiburg2_desk/rgb/1311868165.731234.png","t":[-0.26362287998199463,-0.06045357137918472,0.11972018331289291]},{"R":[[0.9929078221321106,-0.07680966705083847,0.09074299782514572],[0.07743610441684723,0.9969915151596069,-0.003397792112082243],[-0.09020901471376419,0.010400478728115559,0.9958685636520386]],"file_name":"/home/yutong/data/rgbd_dataset_freiburg2_desk/rgb/1311868165.763100.png","t":[-0.26751750707626343,-0.06351754814386368,0.12427131086587906]},{"R":[[0.9935780763626099,-0.07340619713068008,0.0861053466796875],[0.07422783225774765,0.9972209334373474,-0.006375396624207497],[-0.08539806306362152,0.01272586826235056,0.9962656497955322]],"file_name":"/home/yutong/data/rgbd_dataset_freiburg2_desk/rgb/1311868165.799107.png","t":[-0.2725980579853058,-0.06697379052639008,0.1262962967157364]},{"R":[[0.9940629601478577,-0.0718260183930397,0.08173033595085144],[0.07292266935110092,0.9972822070121765,-0.010509093292057514],[-0.0807533785700798,0.016406694427132607,0.9965990781784058]],"file_name":"/home/yutong/data/rgbd_dataset_freiburg2_desk/rgb/1311868165.831186.png","t":[-0.2748609781265259,-0.06885740906000137,0.13125906884670258]},{"R":[[0.9943699240684509,-0.07388144731521606,0.07596054673194885],[0.07527347654104233,0.9970405101776123,-0.015625057741999626],[-0.0745813399553299,0.021254900842905045,0.9969884157180786]],"file_name":"/home/yutong/data/rgbd_dataset_freiburg2_desk/rgb/1311868165.863220.png","t":[-0.2762584090232849,-0.07233124226331711,0.1340455859899521]},{"R":[[0.99481600522995,-0.07376822829246521,0.06999574601650238],[0.0753394365310669,0.9969558119773865,-0.020075740292668343],[-0.0683017149567604,0.02524510771036148,0.9973452687263489]],"file_name":"/home/yutong/data/rgbd_dataset_freiburg2_desk/rgb/1311868165.899162.png","t":[-0.2800549566745758,-0.07339680939912796,0.13614314794540405]},{"R":[[0.9954649209976196,-0.07325994223356247,0.06068401783704758],[0.07460243999958038,0.9970095753669739,-0.02015763521194458],[-0.059025801718235016,0.024593394249677658,0.997953474521637]],"file_name":"/home/yutong/data/rgbd_dataset_freiburg2_desk/rgb/1311868165.931154.png","t":[-0.27809277176856995,-0.07387010008096695,0.1404883712530136]},{"R":[[0.996029257774353,-0.07167196273803711,0.05280925706028938],[0.07270096242427826,0.9971944689750671,-0.01782650128006935],[-0.05138343945145607,0.021595001220703125,0.9984455108642578]],"file_name":"/home/yutong/data/rgbd_dataset_freiburg2_desk/rgb/1311868165.963154.png","t":[-0.27794110774993896,-0.07754932343959808,0.14508408308029175]},{"R":[[0.9965038895606995,-0.06923215836286545,0.04676419496536255],[0.07019447535276413,0.9973474144935608,-0.01925731636583805],[-0.04530692100524902,0.022472579032182693,0.9987202882766724]],"file_name":"/home/yutong/data/rgbd_dataset_freiburg2_desk/rgb/1311868165.999133.png","t":[-0.27744951844215393,-0.08245065808296204,0.14951962232589722]},{"R":[[0.99710613489151,-0.06351707875728607,0.04177286475896835],[0.06448771804571152,0.9976690411567688,-0.022313103079795837],[-0.04025822877883911,0.024942368268966675,0.9988779425621033]],"file_name":"/home/yutong/data/rgbd_dataset_freiburg2_desk/rgb/1311868166.031204.png","t":[-0.2815612852573395,-0.08581060916185379,0.15251289308071136]},{"R":[[0.9979392886161804,-0.0543479286134243,0.03410950303077698],[0.055303242057561874,0.9980847835540771,-0.02771761268377304],[-0.032537780702114105,0.029546862468123436,0.9990336894989014]],"file_name":"/home/yutong/data/rgbd_dataset_freiburg2_desk/rgb/1311868166.063111.png","t":[-0.27975502610206604,-0.08961965143680573,0.15730130672454834]},{"R":[[0.9981092214584351,-0.05390726774930954,0.029530124738812447],[0.05497845262289047,0.9978110194206238,-0.03675016388297081],[-0.027484383434057236,0.038304198533296585,0.9988880753517151]],"file_name":"/home/yutong/data/rgbd_dataset_freiburg2_desk/rgb/1311868166.099206.png","t":[-0.27780425548553467,-0.0943610891699791,0.16045041382312775]},{"R":[[0.9981196522712708,-0.05453263968229294,0.027988985180854797],[0.05567275732755661,0.9975773096084595,-0.04171457886695862],[-0.02564636990427971,0.04319436475634575,0.9987374544143677]],"file_name":"/home/yutong/data/rgbd_dataset_freiburg2_desk/rgb/1311868166.131254.png","t":[-0.2772147059440613,-0.09708169102668762,0.16011862456798553]},{"R":[[0.9980781674385071,-0.055949900299310684,0.02663891203701496],[0.05711730197072029,0.99733966588974,-0.04528995603322983],[-0.024034075438976288,0.046724457293748856,0.9986186623573303]],"file_name":"/home/yutong/data/rgbd_dataset_freiburg2_desk/rgb/1311868166.163189.png","t":[-0.2764824330806732,-0.10587070882320404,0.16643474996089935]},{"R":[[0.9980753064155579,-0.057941123843193054,0.022103160619735718],[0.05902770534157753,0.9968923926353455,-0.05216572433710098],[-0.019011931493878365,0.05337001755833626,0.9983938336372375]],"file_name":"/home/yutong/data/rgbd_dataset_freiburg2_desk/rgb/1311868166.199211.png","t":[-0.27466830611228943,-0.11387795209884644,0.16968810558319092]},{"R":[[0.9982894659042358,-0.05572866275906563,0.017676539719104767],[0.056672461330890656,0.9966858625411987,-0.05835719406604767],[-0.014365787617862225,0.05925914645195007,0.9981392621994019]],"file_name":"/home/yutong/data/rgbd_dataset_freiburg2_desk/rgb/1311868166.231050.png","t":[-0.2744881212711334,-0.12053569406270981,0.17207717895507813]},{"R":[[0.998486340045929,-0.053036727011203766,0.014566582627594471],[0.053882040083408356,0.9963923096656799,-0.0655675008893013],[-0.011036545969545841,0.06625312566757202,0.9977418184280396]],"file_name":"/home/yutong/data/rgbd_dataset_freiburg2_desk/rgb/1311868166.263177.png","t":[-0.278300404548645,-0.12795677781105042,0.17413215339183807]},{"R":[[0.9988890290260315,-0.04652521759271622,0.00749087193980813],[0.04695515334606171,0.9961064457893372,-0.0746133103966713],[-0.003990305587649345,0.0748821496963501,0.9971843957901001]],"file_name":"/home/yutong/data/rgbd_dataset_freiburg2_desk/rgb/1311868166.299209.png","t":[-0.27932894229888916,-0.13421177864074707,0.17734254896640778]},{"R":[[0.9991214275360107,-0.041596438735723495,0.005113924853503704],[0.04188135638833046,0.9954670667648315,-0.08538875728845596],[-0.0015388757456094027,0.08552791178226471,0.9963346123695374]],"file_name":"/home/yutong/data/rgbd_dataset_freiburg2_desk/rgb/1311868166.331189.png","t":[-0.2837994396686554,-0.1378343105316162,0.1746501922607422]},{"R":[[0.9990835189819336,-0.04252714291214943,0.004859797656536102],[0.042795564979314804,0.9946728348731995,-0.09377867728471756],[-0.000845769711304456,0.09390070289373398,0.9955812096595764]],"file_name":"/home/yutong/data/rgbd_dataset_freiburg2_desk/rgb/1311868166.363122.png","t":[-0.28430482745170593,-0.1469377875328064,0.1764543503522873]},{"R":[[0.9989915490150452,-0.044692348688840866,0.004304489120841026],[0.044899020344018936,0.9941460490226746,-0.09827391058206558],[0.00011280103353783488,0.0983680710196495,0.995150089263916]],"file_name":"/home/yutong/data/rgbd_dataset_freiburg2_desk/rgb/1311868166.399232.png","t":[-0.2849925756454468,-0.1554097980260849,0.17750464379787445]},{"R":[[0.9988262057304382,-0.048402246087789536,0.0018434419762343168],[0.048335831612348557,0.9935483336448669,-0.10259290784597397],[0.0031341782305389643,0.1025615930557251,0.9947217106819153]],"file_name":"/home/yutong/data/rgbd_dataset_freiburg2_desk/rgb/1311868166.431171.png","t":[-0.2875005602836609,-0.15996143221855164,0.1810813993215561]},{"R":[[0.9986683130264282,-0.05148563161492348,-0.003289339831098914],[0.050847429782152176,0.9930627346038818,-0.10602325201034546],[0.008725195191800594,0.10571480542421341,0.9943581819534302]],"file_name":"/home/yutong/data/rgbd_dataset_freiburg2_desk/rgb/1311868166.463018.png","t":[-0.2909209430217743,-0.16356995701789856,0.1796160787343979]},{"R":[[0.9987064003944397,-0.04998647794127464,-0.009323877282440662],[0.048711199313402176,0.9931090474128723,-0.10659077763557434],[0.014587725512683392,0.10599871724843979,0.994259238243103]],"file_name":"/home/yutong/data/rgbd_dataset_freiburg2_desk/rgb/1311868166.499195.png","t":[-0.29727959632873535,-0.16705892980098724,0.17992976307868958]},{"R":[[0.9986740946769714,-0.049700066447257996,-0.013415401801466942],[0.04797787964344025,0.9930578470230103,-0.10739739239215851],[0.01865992695093155,0.10661135613918304,0.9941256642341614]],"file_name":"/home/yutong/data/rgbd_dataset_freiburg2_desk/rgb/1311868166.531252.png","t":[-0.299752801656723,-0.16983968019485474,0.18067795038223267]},{"R":[[0.9985815286636353,-0.051285307854413986,-0.01430999394506216],[0.04947365075349808,0.9930649399757385,-0.10665058344602585],[0.019680362194776535,0.10579133778810501,0.9941935539245605]],"file_name":"/home/yutong/data/rgbd_dataset_freiburg2_desk/rgb/1311868166.563132.png","t":[-0.30328410863876343,-0.17194096744060516,0.18278178572654724]},{"R":[[0.9985817074775696,-0.05154407396912575,-0.013335109688341618],[0.04983406141400337,0.9930463433265686,-0.10665614902973175],[0.01873987354338169,0.10584033280611038,0.9942065477371216]],"file_name":"/home/yutong/data/rgbd_dataset_freiburg2_desk/rgb/1311868166.599207.png","t":[-0.3082156777381897,-0.170296773314476,0.18586695194244385]},{"R":[[0.9986573457717896,-0.050448182970285416,-0.01176940742880106],[0.048930659890174866,0.9932194352149963,-0.10545594245195389],[0.017009664326906204,0.10473846644163132,0.9943543076515198]],"file_name":"/home/yutong/data/rgbd_dataset_freiburg2_desk/rgb/1311868166.631287.png","t":[-0.31337907910346985,-0.17228402197360992,0.18986454606056213]},{"R":[[0.9987595677375793,-0.048598263412714005,-0.01083960011601448],[0.0471990741789341,0.9933748245239258,-0.1047791987657547],[0.015859873965382576,0.1041376143693924,0.9944364428520203]],"file_name":"/home/yutong/data/rgbd_dataset_freiburg2_desk/rgb/1311868166.663284.png","t":[-0.3176301121711731,-0.17220547795295715,0.19241763651371002]},{"R":[[0.9989268779754639,-0.045350026339292526,-0.009404043667018414],[0.04415410757064819,0.9937813878059387,-0.10222045332193375],[0.013981263153254986,0.10169553011655807,0.9947172999382019]],"file_name":"/home/yutong/data/rgbd_dataset_freiburg2_desk/rgb/1311868166.699270.png","t":[-0.32457852363586426,-0.17290958762168884,0.19664861261844635]},{"R":[[0.9989996552467346,-0.043885521590709686,-0.008587940596044064],[0.04279814660549164,0.9939811825752258,-0.10084494948387146],[0.012961884029209614,0.10037652403116226,0.9948650598526001]],"file_name":"/home/yutong/data/rgbd_dataset_freiburg2_desk/rgb/1311868166.731105.png","t":[-0.3295396566390991,-0.17141006886959076,0.19832251965999603]},{"R":[[0.9990718960762024,-0.04276510328054428,-0.005144068505614996],[0.04206408932805061,0.9943805932998657,-0.09714876860380173],[0.009269739501178265,0.09684222936630249,0.9952566027641296]],"file_name":"/home/yutong/data/rgbd_dataset_freiburg2_desk/rgb/1311868166.763333.png","t":[-0.3362210690975189,-0.17234525084495544,0.20331238210201263]},{"R":[[0.9990842938423157,-0.042774248868227005,-0.0009960286552086473],[0.04248795285820961,0.9946016669273376,-0.09466931968927383],[0.005040060728788376,0.0945403128862381,0.9955082535743713]],"file_name":"/home/yutong/data/rgbd_dataset_freiburg2_desk/rgb/1311868166.799225.png","t":[-0.34248068928718567,-0.17251098155975342,0.2079472839832306]},{"R":[[0.9990817308425903,-0.04266328737139702,0.0039347074925899506],[0.042844343930482864,0.9948141574859619,-0.09224526584148407],[2.1183577700867318e-05,0.09232913702726364,0.9957285523414612]],"file_name":"/home/yutong/data/rgbd_dataset_freiburg2_desk/rgb/1311868166.831229.png","t":[-0.3494245111942291,-0.17163532972335815,0.21050038933753967]},{"R":[[0.9988973140716553,-0.04599655419588089,0.009405168704688549],[0.04665476456284523,0.9948954582214355,-0.08947804570198059],[-0.005241478327661753,0.08981817215681076,0.9959443807601929]],"file_name":"/home/yutong/data/rgbd_dataset_freiburg2_desk/rgb/1311868166.863222.png","t":[-0.3556656837463379,-0.17428641021251678,0.21546122431755066]},{"R":[[0.9986090064048767,-0.04990129917860031,0.01702824980020523],[0.05120892822742462,0.9948226809501648,-0.08778056502342224],[-0.012559724971652031,0.08853045850992203,0.9959942698478699]],"file_name":"/home/yutong/data/rgbd_dataset_freiburg2_desk/rgb/1311868166.899308.png","t":[-0.3657406270503998,-0.1741659939289093,0.2210334986448288]},{"R":[[0.9982774257659912,-0.05473385378718376,0.021128976717591286],[0.05633016303181648,0.9948461651802063,-0.08430906385183334],[-0.01640552096068859,0.0853540301322937,0.9962156414985657]],"file_name":"/home/yutong/data/rgbd_dataset_freiburg2_desk/rgb/1311868166.931160.png","t":[-0.3728450536727905,-0.17540699243545532,0.22404953837394714]},{"R":[[0.9978513121604919,-0.0601036362349987,0.026082122698426247],[0.06202415004372597,0.9948275685310364,-0.0804431140422821],[-0.021112291142344475,0.08188799023628235,0.9964178800582886]],"file_name":"/home/yutong/data/rgbd_dataset_freiburg2_desk/rgb/1311868166.963312.png","t":[-0.3805571496486664,-0.17688347399234772,0.224561870098114]},{"R":[[0.9972540736198425,-0.06637642532587051,0.03284073248505592],[0.06875518709421158,0.9946131110191345,-0.07757216691970825],[-0.027514860033988953,0.07961712777614594,0.9964457154273987]],"file_name":"/home/yutong/data/rgbd_dataset_freiburg2_desk/rgb/1311868166.999289.png","t":[-0.3901578187942505,-0.17922450602054596,0.2292099893093109]},{"R":[[0.9965391755104065,-0.07194346934556961,0.04163901135325432],[0.07499087601900101,0.9942102432250977,-0.07695693522691727],[-0.03586138039827347,0.0798131451010704,0.9961645603179932]],"file_name":"/home/yutong/data/rgbd_dataset_freiburg2_desk/rgb/1311868167.031127.png","t":[-0.39783546328544617,-0.18261434137821198,0.23580187559127808]},{"R":[[0.9956005811691284,-0.07766390591859818,0.0524197481572628],[0.08150375634431839,0.9938021302223206,-0.07559427618980408],[-0.04622390866279602,0.07953411340713501,0.9957598447799683]],"file_name":"/home/yutong/data/rgbd_dataset_freiburg2_desk/rgb/1311868167.063209.png","t":[-0.4083980619907379,-0.1880473494529724,0.23940715193748474]},{"R":[[0.9948365092277527,-0.08105368912220001,0.061078835278749466],[0.08555140346288681,0.99350506067276,-0.07502450793981552],[-0.054601117968559265,0.07986249774694443,0.9953093528747559]],"file_name":"/home/yutong/data/rgbd_dataset_freiburg2_desk/rgb/1311868167.099303.png","t":[-0.4168727993965149,-0.19066914916038513,0.24394211173057556]},{"R":[[0.9926630258560181,-0.09250549226999283,0.07786441594362259],[0.09853224456310272,0.9921125173568726,-0.07748682796955109],[-0.07008229941129684,0.08459046483039856,0.9939481616020203]],"file_name":"/home/yutong/data/rgbd_dataset_freiburg2_desk/rgb/1311868167.163230.png","t":[-0.4303179383277893,-0.18748542666435242,0.2539689838886261]},{"R":[[0.99124675989151,-0.09736865013837814,0.08915812522172928],[0.10405293852090836,0.9918397665023804,-0.07366733253002167],[-0.08125768601894379,0.08229966461658478,0.9932894706726074]],"file_name":"/home/yutong/data/rgbd_dataset_freiburg2_desk/rgb/1311868167.199258.png","t":[-0.440743088722229,-0.18955498933792114,0.2596008777618408]},{"R":[[0.9897722601890564,-0.10325144231319427,0.09843786805868149],[0.11035327613353729,0.9914490580558777,-0.0696486234664917],[-0.09040480852127075,0.07979921996593475,0.9927029013633728]],"file_name":"/home/yutong/data/rgbd_dataset_freiburg2_desk/rgb/1311868167.231267.png","t":[-0.445621520280838,-0.1923069804906845,0.2663082182407379]},{"R":[[0.9880519509315491,-0.10947072505950928,0.10848719626665115],[0.11708356440067291,0.9908954501152039,-0.06646496057510376],[-0.10022351145744324,0.07837290316820145,0.9918734431266785]],"file_name":"/home/yutong/data/rgbd_dataset_freiburg2_desk/rgb/1311868167.263251.png","t":[-0.45191749930381775,-0.19589263200759888,0.27367836236953735]},{"R":[[0.9864173531532288,-0.11500494927167892,0.117280513048172],[0.12308191508054733,0.990324079990387,-0.06410239636898041],[-0.1087736263871193,0.07766682654619217,0.99102783203125]],"file_name":"/home/yutong/data/rgbd_dataset_freiburg2_desk/rgb/1311868167.299141.png","t":[-0.4623884856700897,-0.1970914900302887,0.27861592173576355]},{"R":[[0.9853682518005371,-0.11953478306531906,0.12149406224489212],[0.12776833772659302,0.989840567111969,-0.0623774491250515],[-0.11280347406864166,0.0769878551363945,0.9906302094459534]],"file_name":"/home/yutong/data/rgbd_dataset_freiburg2_desk/rgb/1311868167.331145.png","t":[-0.4690476953983307,-0.20037400722503662,0.28354722261428833]},{"R":[[0.9841794967651367,-0.12392184138298035,0.1266259253025055],[0.1324484497308731,0.9892946481704712,-0.061265792697668076],[-0.11767818033695221,0.07706794142723083,0.9900567531585693]],"file_name":"/home/yutong/data/rgbd_dataset_freiburg2_desk/rgb/1311868167.363275.png","t":[-0.4783693850040436,-0.20548374950885773,0.28682053089141846]},{"R":[[0.9834110140800476,-0.12522096931934357,0.13123467564582825],[0.13466227054595947,0.9887116551399231,-0.06569093465805054],[-0.12152737379074097,0.08227355033159256,0.9891724586486816]],"file_name":"/home/yutong/data/rgbd_dataset_freiburg2_desk/rgb/1311868167.399226.png","t":[-0.4887831509113312,-0.19764962792396545,0.2866039574146271]},{"R":[[0.9828475117683411,-0.12421339750289917,0.1363152414560318],[0.13410966098308563,0.9887690544128418,-0.06595728546380997],[-0.1265915185213089,0.08310714364051819,0.9884673953056335]],"file_name":"/home/yutong/data/rgbd_dataset_freiburg2_desk/rgb/1311868167.431237.png","t":[-0.49636855721473694,-0.19963586330413818,0.2896820604801178]},{"R":[[0.9822646379470825,-0.12220802158117294,0.14220203459262848],[0.13260585069656372,0.9889646172523499,-0.06606528162956238],[-0.13255907595157623,0.0837504118680954,0.9876304864883423]],"file_name":"/home/yutong/data/rgbd_dataset_freiburg2_desk/rgb/1311868167.463303.png","t":[-0.5029499530792236,-0.20054985582828522,0.29305097460746765]},{"R":[[0.9811937212944031,-0.12379048764705658,0.14810389280319214],[0.134810209274292,0.9886171221733093,-0.06680138409137726],[-0.13814866542816162,0.08551102131605148,0.9867131114006042]],"file_name":"/home/yutong/data/rgbd_dataset_freiburg2_desk/rgb/1311868167.499121.png","t":[-0.5087211728096008,-0.19945748150348663,0.29381734132766724]},{"R":[[0.9802390336990356,-0.12702339887619019,0.15164577960968018],[0.13806851208209991,0.9883114695549011,-0.06463398784399033],[-0.14166322350502014,0.08429426699876785,0.9863194227218628]],"file_name":"/home/yutong/data/rgbd_dataset_freiburg2_desk/rgb/1311868167.531321.png","t":[-0.513594925403595,-0.20060135424137115,0.29833999276161194]},{"R":[[0.9796721339225769,-0.12879854440689087,0.15379685163497925],[0.13980092108249664,0.9881758093833923,-0.0629626214504242],[-0.1438688337802887,0.0831836685538292,0.9860944151878357]],"file_name":"/home/yutong/data/rgbd_dataset_freiburg2_desk/rgb/1311868167.563160.png","t":[-0.520602822303772,-0.2024625688791275,0.30171218514442444]},{"R":[[0.9797137379646301,-0.1276240348815918,0.15450914204120636],[0.13872598111629486,0.9883058071136475,-0.06329833716154099],[-0.14462390542030334,0.08344868570566177,0.9859615564346313]],"file_name":"/home/yutong/data/rgbd_dataset_freiburg2_desk/rgb/1311868167.599230.png","t":[-0.525019645690918,-0.20218120515346527,0.30281421542167664]},{"R":[[0.9791775345802307,-0.12698866426944733,0.15838319063186646],[0.13840828835964203,0.988353967666626,-0.06324244290590286],[-0.14850758016109467,0.08384712785482407,0.9853502511978149]],"file_name":"/home/yutong/data/rgbd_dataset_freiburg2_desk/rgb/1311868167.631495.png","t":[-0.5316323041915894,-0.20221516489982605,0.3043251633644104]},{"R":[[0.9785683751106262,-0.12803182005882263,0.16128167510032654],[0.13977442681789398,0.9881353378295898,-0.06365306675434113],[-0.1512185037136078,0.08483193069696426,0.9848535656929016]],"file_name":"/home/yutong/data/rgbd_dataset_freiburg2_desk/rgb/1311868167.663360.png","t":[-0.5354076623916626,-0.20320746302604675,0.306865394115448]},{"R":[[0.97817063331604,-0.12779152393341064,0.16386452317237854],[0.14007599651813507,0.9879587888717651,-0.06569742411375046],[-0.15349583327770233,0.08721677958965302,0.98429274559021]],"file_name":"/home/yutong/data/rgbd_dataset_freiburg2_desk/rgb/1311868167.699226.png","t":[-0.5388553142547607,-0.20489205420017242,0.30627086758613586]},{"R":[[0.9774010181427002,-0.12985070049762726,0.16681134700775146],[0.14299365878105164,0.9872938990592957,-0.06930790841579437],[-0.15569214522838593,0.09159458428621292,0.9835498929023743]],"file_name":"/home/yutong/data/rgbd_dataset_freiburg2_desk/rgb/1311868167.731241.png","t":[-0.5435148477554321,-0.2072315514087677,0.30691078305244446]},{"R":[[0.9771335124969482,-0.13014943897724152,0.16814033687114716],[0.14386285841464996,0.986968994140625,-0.07208122313022614],[-0.15656796097755432,0.09462212771177292,0.9831241369247437]],"file_name":"/home/yutong/data/rgbd_dataset_freiburg2_desk/rgb/1311868167.763281.png","t":[-0.5474444031715393,-0.2080187052488327,0.3071196675300598]},{"R":[[0.976901113986969,-0.12917707860469818,0.1702277511358261],[0.14372999966144562,0.986687421798706,-0.07608982175588608],[-0.15813250839710236,0.09879906475543976,0.9824626445770264]],"file_name":"/home/yutong/data/rgbd_dataset_freiburg2_desk/rgb/1311868167.799224.png","t":[-0.5521560907363892,-0.20750343799591064,0.3062795102596283]},{"R":[[0.9769075512886047,-0.13016872107982635,0.16943350434303284],[0.14507237076759338,0.9862839579582214,-0.0787268579006195],[-0.15686176717281342,0.10148898512125015,0.9823921918869019]],"file_name":"/home/yutong/data/rgbd_dataset_freiburg2_desk/rgb/1311868167.863098.png","t":[-0.5619233846664429,-0.20595045387744904,0.30064746737480164]},{"R":[[0.9780341386795044,-0.12470024079084396,0.16703011095523834],[0.13911519944667816,0.9872361421585083,-0.07753591984510422],[-0.15522940456867218,0.09906920790672302,0.9828983545303345]],"file_name":"/home/yutong/data/rgbd_dataset_freiburg2_desk/rgb/1311868167.899376.png","t":[-0.5649932026863098,-0.19933150708675385,0.29768115282058716]},{"R":[[0.9787540435791016,-0.11830251663923264,0.1674666702747345],[0.13197509944438934,0.9885628819465637,-0.07297976315021515],[-0.15691764652729034,0.09353066235780716,0.9831728339195251]],"file_name":"/home/yutong/data/rgbd_dataset_freiburg2_desk/rgb/1311868167.931184.png","t":[-0.5670647025108337,-0.19632025063037872,0.29854848980903625]},{"R":[[0.9792500138282776,-0.1095023974776268,0.1705244779586792],[0.12325752526521683,0.9897409081459045,-0.07225315272808075],[-0.16086316108703613,0.09177233278751373,0.9827008247375488]],"file_name":"/home/yutong/data/rgbd_dataset_freiburg2_desk/rgb/1311868167.999325.png","t":[-0.5760241150856018,-0.18797479569911957,0.30015799403190613]},{"R":[[0.9795116186141968,-0.10620511323213577,0.17110641300678253],[0.12015943229198456,0.9900413751602173,-0.07334674894809723],[-0.1616126447916031,0.09240404516458511,0.9825186133384705]],"file_name":"/home/yutong/data/rgbd_dataset_freiburg2_desk/rgb/1311868168.031266.png","t":[-0.5793311595916748,-0.18391329050064087,0.2981310188770294]},{"R":[[0.9794669151306152,-0.10590038448572159,0.17155085504055023],[0.12000048905611038,0.9900124669075012,-0.07399439811706543],[-0.16200146079063416,0.09306125342845917,0.9823925495147705]],"file_name":"/home/yutong/data/rgbd_dataset_freiburg2_desk/rgb/1311868168.063183.png","t":[-0.583122730255127,-0.18199719488620758,0.2936582863330841]},{"R":[[0.9793411493301392,-0.10648073256015778,0.17190907895565033],[0.12031945586204529,0.9901086091995239,-0.07216783612966537],[-0.16252416372299194,0.09136094152927399,0.9824658036231995]],"file_name":"/home/yutong/data/rgbd_dataset_freiburg2_desk/rgb/1311868168.099296.png","t":[-0.5876694321632385,-0.1792469471693039,0.29023727774620056]},{"R":[[0.9792411923408508,-0.10785099864006042,0.17162427306175232],[0.12123190611600876,0.9901904463768005,-0.06946713477373123],[-0.16244861483573914,0.08883141726255417,0.9827102422714233]],"file_name":"/home/yutong/data/rgbd_dataset_freiburg2_desk/rgb/1311868168.131162.png","t":[-0.5893054604530334,-0.17684637010097504,0.28759998083114624]},{"R":[[0.9788674712181091,-0.11057566106319427,0.1720217764377594],[0.12361928820610046,0.990063488483429,-0.06702619791030884],[-0.16290101408958435,0.08687497675418854,0.9828102588653564]],"file_name":"/home/yutong/data/rgbd_dataset_freiburg2_desk/rgb/1311868168.163282.png","t":[-0.5907424688339233,-0.17488186061382294,0.283566415309906]},{"R":[[0.9782488942146301,-0.1144677922129631,0.17299197614192963],[0.12740033864974976,0.9896818399429321,-0.06556686758995056],[-0.16370171308517456,0.0861799493432045,0.9827383756637573]],"file_name":"/home/yutong/data/rgbd_dataset_freiburg2_desk/rgb/1311868168.199247.png","t":[-0.5918716192245483,-0.17512193322181702,0.28113165497779846]},{"R":[[0.9773836731910706,-0.12006139010190964,0.1740872859954834],[0.13329163193702698,0.9888520836830139,-0.0663696750998497],[-0.16417813301086426,0.08807302266359329,0.9824910759925842]],"file_name":"/home/yutong/data/rgbd_dataset_freiburg2_desk/rgb/1311868168.263256.png","t":[-0.5935693383216858,-0.1772046536207199,0.27126315236091614]},{"R":[[0.9769799709320068,-0.12100732326507568,0.1756911277770996],[0.13510574400424957,0.9883133172988892,-0.07059236615896225],[-0.16509568691253662,0.09270420670509338,0.9819110631942749]],"file_name":"/home/yutong/data/rgbd_dataset_freiburg2_desk/rgb/1311868168.299606.png","t":[-0.5930547714233398,-0.173975870013237,0.26608383655548096]},{"R":[[0.9765053391456604,-0.12182924896478653,0.17774954438209534],[0.13674335181713104,0.9878255724906921,-0