[{"R":[[0.9999192953109741,0.00946962833404541,0.008470390923321247],[-0.009524297900497913,0.9999338984489441,0.006437343079596758],[-0.008408871479332447,-0.006517497822642326,0.9999433755874634]],"file_name":"/home/yutong/data/rgbd_dataset_freiburg2_desk/rgb/1311868164.363181.png","mnId":1,"t":[-0.07218720018863678,-0.02797950617969036,0.05948130041360855]},{"R":[[0.9998427033424377,-0.01761314459145069,0.002071075141429901],[0.017628680914640427,0.9998146295547485,-0.007739705499261618],[-0.0019343707244843245,0.0077749984338879585,0.9999679327011108]],"file_name":"/home/yutong/data/rgbd_dataset_freiburg2_desk/rgb/1311868164.599061.png","mnId":2,"t":[-0.08447621017694473,-0.03488495200872421,0.07795634865760803]},{"R":[[0.9998112916946411,-0.019415859133005142,0.0006616806495003402],[0.01941794902086258,0.9998059868812561,-0.003312261076644063],[-0.0005972418584860861,0.0033244844526052475,0.9999942779541016]],"file_name":"/home/yutong/data/rgbd_dataset_freiburg2_desk/rgb/1311868164.631140.png","mnId":3,"t":[-0.08680568635463715,-0.03602239117026329,0.08058440685272217]},{"R":[[0.9963337182998657,-0.05674637109041214,0.06402309238910675],[0.057673607021570206,0.9982543587684631,-0.012727363966405392],[-0.06318910419940948,0.01637314446270466,0.997867226600647]],"file_name":"/home/yutong/data/rgbd_dataset_freiburg2_desk/rgb/1311868165.999133.png","mnId":11,"t":[-0.3629494607448578,-0.11696916818618774,0.20789451897144318]},{"R":[[0.998236894607544,-0.04431338608264923,0.03948979452252388],[0.04610833898186684,0.9978875517845154,-0.04576552286744118],[-0.03737834841012955,0.04750564321875572,0.9981713891029358]],"file_name":"/home/yutong/data/rgbd_dataset_freiburg2_desk/rgb/1311868166.199211.png","mnId":12,"t":[-0.3619346022605896,-0.15095528960227966,0.2276833951473236]},{"R":[[0.9993765354156494,-0.02834445983171463,0.021050069481134415],[0.02990967407822609,0.9964890480041504,-0.07819849252700806],[-0.018759669736027718,0.07877933979034424,0.9967155456542969]],"file_name":"/home/yutong/data/rgbd_dataset_freiburg2_desk/rgb/1311868166.331189.png","mnId":13,"t":[-0.36943238973617554,-0.17843417823314667,0.23581501841545105]},{"R":[[0.9991946220397949,-0.03809981048107147,0.012587817385792732],[0.03916887566447258,0.9942264556884766,-0.09989750385284424],[-0.008709065616130829,0.10031010210514069,0.9949181079864502]],"file_name":"/home/yutong/data/rgbd_dataset_freiburg2_desk/rgb/1311868166.463018.png","mnId":14,"t":[-0.37716755270957947,-0.2049475610256195,0.2420346587896347]},{"R":[[0.9975173473358154,-0.05346031114459038,0.045837629586458206],[0.05657464265823364,0.9959710240364075,-0.06957753002643585],[-0.04193331301212311,0.07199803739786148,0.9965229034423828]],"file_name":"/home/yutong/data/rgbd_dataset_freiburg2_desk/rgb/1311868166.999289.png","mnId":15,"t":[-0.4694402813911438,-0.224110946059227,0.2982560098171234]},{"R":[[0.9895060062408447,-0.08964323252439499,0.11332238465547562],[0.09678538888692856,0.9935449957847595,-0.05916866660118103],[-0.10728681832551956,0.06951570510864258,0.9917948842048645]],"file_name":"/home/yutong/data/rgbd_dataset_freiburg2_desk/rgb/1311868167.231267.png","mnId":16,"t":[-0.522842288017273,-0.24380241334438324,0.33978143334388733]},{"R":[[0.9771408438682556,-0.11529003083705902,0.1786167472600937],[0.12682829797267914,0.9904237389564514,-0.054547667503356934],[-0.1706174612045288,0.07595441490411758,0.9824055433273315]],"file_name":"/home/yutong/data/rgbd_dataset_freiburg2_desk/rgb/1311868167.731241.png","mnId":17,"t":[-0.6098382472991943,-0.26981428265571594,0.3904148042201996]},{"R":[[0.9611294269561768,-0.13178813457489014,0.2426152378320694],[0.1405239850282669,0.9898952841758728,-0.0189818125218153],[-0.23766210675239563,0.05233724042773247,0.9699368476867676]],"file_name":"/home/yutong/data/rgbd_dataset_freiburg2_desk/rgb/1311868168.963348.png","mnId":19,"t":[-0.665342390537262,-0.14625094830989838,0.28681638836860657]},{"R":[[0.8971694111824036,-0.22124673426151276,0.38227856159210205],[0.2093517929315567,0.9751098155975342,0.07302488386631012],[-0.3889201283454895,0.01451500877737999,0.9211571216583252]],"file_name":"/home/yutong/data/rgbd_dataset_freiburg2_desk/rgb/1311868169.431440.png","mnId":21,"t":[-0.6842036843299866,-0.11103354394435883,0.33470994234085083]},{"R":[[0.8378250598907471,-0.24075640738010406,0.48998525738716125],[0.1927267611026764,0.9701566696166992,0.1471475511789322],[-0.5107892155647278,-0.028850631788372993,0.8592217564582825]],"file_name":"/home/yutong/data/rgbd_dataset_freiburg2_desk/rgb/1311868170.299432.png","mnId":24,"t":[-0.8018733859062195,-0.03004465624690056,0.44034063816070557]},{"R":[[0.7787308692932129,-0.3034496605396271,0.5490869879722595],[0.27055463194847107,0.9521047472953796,0.1424666941165924],[-0.5660197734832764,0.03761480376124382,0.8235330581665039]],"file_name":"/home/yutong/data/rgbd_dataset_freiburg2_desk/rgb/1311868171.463459.png","mnId":26,"t":[-0.8871250152587891,-0.19946953654289246,0.6646461486816406]},{"R":[[0.7374667525291443,-0.3466399312019348,0.5796409249305725],[0.3221549987792969,0.9348565340042114,0.1491958051919937],[-0.5935983061790466,0.07670727372169495,0.8010973930358887]],"file_name":"/home/yutong/data/rgbd_dataset_freiburg2_desk/rgb/1311868171.831419.png","mnId":27,"t":[-0.936348557472229,-0.3001740574836731,0.7266350388526917]},{"R":[[0.7222792506217957,-0.34958788752555847,0.5967419743537903],[0.3500130772590637,0.9289541840553284,0.12056119740009308],[-0.5964926481246948,0.1217886358499527,0.7933246493339539]],"file_name":"/home/yutong/data/rgbd_dataset_freiburg2_desk/rgb/1311868172.131546.png","mnId":28,"t":[-0.9866236448287964,-0.3719101548194885,0.7392764687538147]},{"R":[[0.7144932746887207,-0.3573914170265198,0.6014738082885742],[0.3806065022945404,0.9198986291885376,0.09447308629751205],[-0.5870587825775146,0.1614244431257248,0.793286919593811]],"file_name":"/home/yutong/data/rgbd_dataset_freiburg2_desk/rgb/1311868172.399483.png","mnId":29,"t":[-1.0288487672805786,-0.43970799446105957,0.731823742389679]},{"R":[[0.7219330072402954,-0.363891065120697,0.5885541439056396],[0.412021279335022,0.9093979001045227,0.056868162006139755],[-0.5559237003326416,0.20144182443618774,0.8064551949501038]],"file_name":"/home/yutong/data/rgbd_dataset_freiburg2_desk/rgb/1311868172.663612.png","mnId":30,"t":[-1.0864447355270386,-0.506950318813324,0.6734014749526978]},{"R":[[0.7219113111495972,-0.3746353089809418,0.5818009972572327],[0.4580513536930084,0.888916552066803,0.004034186247736216],[-0.518683910369873,0.26358240842819214,0.8133211731910706]],"file_name":"/home/yutong/data/rgbd_dataset_freiburg2_desk/rgb/1311868173.331533.png","mnId":32,"t":[-1.2118104696273804,-0.5378959774971008,0.523912250995636]},{"R":[[0.6889619827270508,-0.36562398076057434,0.6258198022842407],[0.45603659749031067,0.8897831439971924,0.017791349440813065],[-0.5633488893508911,0.27313917875289917,0.779764711856842]],"file_name":"/home/yutong/data/rgbd_dataset_freiburg2_desk/rgb/1311868173.799549.png","mnId":33,"t":[-1.2654281854629517,-0.503871738910675,0.5595791339874268]},{"R":[[0.5877624154090881,-0.42393723130226135,0.689066469669342],[0.49085527658462524,0.8639063835144043,0.11281319707632065],[-0.6431146264076233,0.27192455530166626,0.7158635258674622]],"file_name":"/home/yutong/data/rgbd_dataset_freiburg2_desk/rgb/1311868174.131747.png","mnId":34,"t":[-1.2417762279510498,-0.5707688331604004,0.7002108097076416]},{"R":[[0.5358805060386658,-0.443442165851593,0.7184644341468811],[0.4988013207912445,0.8528614044189453,0.15435250103473663],[-0.6811969876289368,0.27565649151802063,0.6782213449478149]],"file_name":"/home/yutong/data/rgbd_dataset_freiburg2_desk/rgb/1311868174.467566.png","mnId":35,"t":[-1.2694728374481201,-0.599947988986969,0.7777199745178223]},{"R":[[0.5098130702972412,-0.4276326596736908,0.7464722990989685],[0.48400139808654785,0.8599273562431335,0.16207270324230194],[-0.7112195491790771,0.2786668539047241,0.6453770399093628]],"file_name":"/home/yutong/data/rgbd_dataset_freiburg2_desk/rgb/1311868174.731625.png","mnId":36,"t":[-1.2854453325271606,-0.5686091184616089,0.8281335234642029]},{"R":[[0.5138485431671143,-0.42879167199134827,0.7430325746536255],[0.44861841201782227,0.8725689053535461,0.19330023229122162],[-0.7312326431274414,0.23401103913784027,0.6407321095466614]],"file_name":"/home/yutong/data/rgbd_dataset_freiburg2_desk/rgb/1311868174.999803.png","mnId":37,"t":[-1.3195760250091553,-0.48707669973373413,0.8302809596061707]},{"R":[[0.5063135623931885,-0.4606853425502777,0.7289825677871704],[0.4143262505531311,0.8713374733924866,0.26287785172462463],[-0.756293773651123,0.16893798112869263,0.6320440173149109]],"file_name":"/home/yutong/data/rgbd_dataset_freiburg2_desk/rgb/1311868175.231818.png","mnId":38,"t":[-1.3320213556289673,-0.4127795398235321,0.8213219046592712]},{"R":[[0.5013837814331055,-0.41792231798171997,0.757598340511322],[0.3332187831401825,0.9013372659683228,0.2766881585121155],[-0.7984858155250549,0.11371905356645584,0.5911754369735718]],"file_name":"/home/yutong/data/rgbd_dataset_freiburg2_desk/rgb/1311868175.467702.png","mnId":39,"t":[-1.3542413711547852,-0.26513582468032837,0.8511791825294495]},{"R":[[0.48698005080223083,-0.4043377935886383,0.7741843461990356],[0.284546822309494,0.911477267742157,0.2970559597015381],[-0.8257623910903931,0.07563137263059616,0.5589243173599243]],"file_name":"/home/yutong/data/rgbd_dataset_freiburg2_desk/rgb/1311868175.699784.png","mnId":40,"t":[-1.3754032850265503,-0.18453221023082733,0.8626013398170471]},{"R":[[0.44410112500190735,-0.41276252269744873,0.7952365875244141],[0.26193690299987793,0.9085997343063354,0.32532384991645813],[-0.856833279132843,0.0638251081109047,0.5116279125213623]],"file_name":"/home/yutong/data/rgbd_dataset_freiburg2_desk/rgb/1311868175.931644.png","mnId":41,"t":[-1.3838529586791992,-0.1589023768901825,0.9198093414306641]},{"R":[[0.3518538773059845,-0.4583485722541809,0.8161589503288269],[0.2841222584247589,0.8830729126930237,0.37343913316726685],[-0.8918931484222412,0.1004929170012474,0.44093966484069824]],"file_name":"/home/yutong/data/rgbd_dataset_freiburg2_desk/rgb/1311868176.199892.png","mnId":42,"t":[-1.3690122365951538,-0.23476004600524902,1.0444965362548828]},{"R":[[0.28511324524879456,-0.453767865896225,0.8442778587341309],[0.3611697554588318,0.8667730093002319,0.34389087557792664],[-0.887843906879425,0.20687977969646454,0.41101571917533875]],"file_name":"/home/yutong/data/rgbd_dataset_freiburg2_desk/rgb/1311868176.731819.png","mnId":44,"t":[-1.4475120306015015,-0.3763393461704254,1.1213853359222412]},{"R":[[0.27861297130584717,-0.45933786034584045,0.8434355854988098],[0.37795305252075195,0.8597864508628845,0.3433929979801178],[-0.8829078674316406,0.2231052964925766,0.41315579414367676]],"file_name":"/home/yutong/data/rgbd_dataset_freiburg2_desk/rgb/1311868177.099730.png","mnId":45,"t":[-1.5031616687774658,-0.4046596884727478,1.097694993019104]},{"R":[[0.2818600833415985,-0.4861243665218353,0.8271867632865906],[0.39038118720054626,0.845657467842102,0.3639587163925171],[-0.8764458894729614,0.22033271193504333,0.4281308948993683]],"file_name":"/home/yutong/data/rgbd_dataset_freiburg2_desk/rgb/1311868177.467848.png","mnId":46,"t":[-1.5773563385009766,-0.43023252487182617,1.014392375946045]},{"R":[[0.24899068474769592,-0.47628000378608704,0.8433036208152771],[0.43166905641555786,0.8340309858322144,0.34359002113342285],[-0.8669864535331726,0.27847737073898315,0.4132612943649292]],"file_name":"/home/yutong/data/rgbd_dataset_freiburg2_desk/rgb/1311868177.832005.png","mnId":47,"t":[-1.603489637374878,-0.49564793705940247,1.0134994983673096]},{"R":[[0.12609225511550903,-0.49492114782333374,0.8597405552864075],[0.457682728767395,0.7979311943054199,0.3922145962715149],[-0.8801290988922119,0.3440331816673279,0.3271298110485077]],"file_name":"/home/yutong/data/rgbd_dataset_freiburg2_desk/rgb/1311868178.131987.png","mnId":48,"t":[-1.522155523300171,-0.6350457072257996,1.1789432764053345]},{"R":[[0.06384439766407013,-0.5067378878593445,0.8597328662872314],[0.46615713834762573,0.7768721580505371,0.4232814908027649],[-0.8823952674865723,0.37374645471572876,0.2858183979988098]],"file_name":"/home/yutong/data/rgbd_dataset_freiburg2_desk/rgb/1311868178.432167.png","mnId":49,"t":[-1.4993484020233154,-0.7320574522018433,1.2760769128799438]},{"R":[[0.022675104439258575,-0.4766007363796234,0.8788273930549622],[0.4736661911010742,0.7792502045631409,0.41037726402282715],[-0.8804125189781189,0.4069654941558838,0.24341922998428345]],"file_name":"/home/yutong/data/rgbd_dataset_freiburg2_desk/rgb/1311868178.731905.png","mnId":50,"t":[-1.458470344543457,-0.7611935138702393,1.3851196765899658]},{"R":[[0.0287302378565073,-0.47791415452957153,0.877936601638794],[0.49041810631752014,0.7720656991004944,0.4042333960533142],[-0.8710135817527771,0.41894227266311646,0.2565594017505646]],"file_name":"/home/yutong/data/rgbd_dataset_freiburg2_desk/rgb/1311868179.268108.png","mnId":51,"t":[-1.4542245864868164,-0.8708174824714661,1.5050110816955566]},{"R":[[0.059538763016462326,-0.46560317277908325,0.8829885721206665],[0.534151017665863,0.7621243596076965,0.3658539354801178],[-0.843289852142334,0.44986674189567566,0.29407835006713867]],"file_name":"/home/yutong/data/rgbd_dataset_freiburg2_desk/rgb/1311868179.600201.png","mnId":52,"t":[-1.5223932266235352,-0.9651206135749817,1.5023572444915771]},{"R":[[0.05272061377763748,-0.4720723330974579,0.8799819350242615],[0.5501148104667664,0.7491708993911743,0.36893990635871887],[-0.8334231972694397,0.46464037895202637,0.2991907298564911]],"file_name":"/home/yutong/data/rgbd_dataset_freiburg2_desk/rgb/1311868179.932050.png","mnId":53,"t":[-1.5553778409957886,-1.0492256879806519,1.543622374534607]},{"R":[[-0.015763353556394577,-0.44998785853385925,0.892895519733429],[0.5667845010757446,0.731653094291687,0.3787335157394409],[-0.8237152695655823,0.5120494365692139,0.243512824177742]],"file_name":"/home/yutong/data/rgbd_dataset_freiburg2_desk/rgb/1311868180.331912.png","mnId":54,"t":[-1.5051507949829102,-1.1549042463302612,1.6888741254806519]},{"R":[[-0.05578922852873802,-0.436551958322525,0.8979476094245911],[0.5846554040908813,0.7147493958473206,0.3838116228580475],[-0.8093612194061279,0.5464025139808655,0.21535715460777283]],"file_name":"/home/yutong/data/rgbd_dataset_freiburg2_desk/rgb/1311868180.632105.png","mnId":55,"t":[-1.4668567180633545,-1.2468208074569702,1.74822199344635]},{"R":[[-0.019701706245541573,-0.43735039234161377,0.8990753293037415],[0.5766807198524475,0.7296178340911865,0.3675556778907776],[-0.8167320489883423,0.5257208943367004,0.2378368079662323]],"file_name":"/home/yutong/data/rgbd_dataset_freiburg2_desk/rgb/1311868181.232080.png","mnId":56,"t":[-1.6211836338043213,-1.2020246982574463,1.7333786487579346]},{"R":[[-0.0032588273752480745,-0.4454050362110138,0.8953232765197754],[0.5861351490020752,0.7245538234710693,0.3625841736793518],[-0.8102067112922668,0.5259620547294617,0.25870636105537415]],"file_name":"/home/yutong/data/rgbd_dataset_freiburg2_desk/rgb/1311868181.832157.png","mnId":57,"t":[-1.7043936252593994,-1.15450918674469,1.6033110618591309]},{"R":[[0.011022698134183884,-0.4482945501804352,0.8938179612159729],[0.5727196931838989,0.7355615496635437,0.36185815930366516],[-0.8196771740913391,0.5079184770584106,0.2648549973964691]],"file_name":"/home/yutong/data/rgbd_dataset_freiburg2_desk/rgb/1311868182.268066.png","mnId":58,"t":[-1.761797308921814,-1.0297722816467285,1.4980450868606567]},{"R":[[0.008343609981238842,-0.44233477115631104,0.8968111872673035],[0.5537081360816956,0.7488425970077515,0.364200621843338],[-0.8326690196990967,0.4935328960418701,0.25117242336273193]],"file_name":"/home/yutong/data/rgbd_dataset_freiburg2_desk/rgb/1311868182.600295.png","mnId":59,"t":[-1.7958106994628906,-0.9186748266220093,1.4575918912887573]},{"R":[[-0.10192625969648361,-0.4413725435733795,0.8915163278579712],[0.49348723888397217,0.7557064294815063,0.43055564165115356],[-0.8637600541114807,0.483836829662323,0.14078538119792938]],"file_name":"/home/yutong/data/rgbd_dataset_freiburg2_desk/rgb/1311868182.936274.png","mnId":60,"t":[-1.672104001045227,-0.8411200046539307,1.5998440980911255]},{"R":[[-0.2289780229330063,-0.4803379774093628,0.846666693687439],[0.44721102714538574,0.7206434011459351,0.529788076877594],[-0.8646221160888672,0.49994850158691406,0.04980093985795975]],"file_name":"/home/yutong/data/rgbd_dataset_freiburg2_desk/rgb/1311868183.268380.png","mnId":61,"t":[-1.530434012413025,-0.8751290440559387,1.6889147758483887]},{"R":[[-0.3319253921508789,-0.43047741055488586,0.8393537402153015],[0.45025870203971863,0.7095922827720642,0.5419833064079285],[-0.8289105296134949,0.5578243732452393,-0.04170549660921097]],"file_name":"/home/yutong/data/rgbd_dataset_freiburg2_desk/rgb/1311868183.568369.png","mnId":62,"t":[-1.3709973096847534,-0.8539102077484131,1.7909791469573975]},{"R":[[-0.3488478362560272,-0.4041951298713684,0.8455362319946289],[0.4731074571609497,0.7028605341911316,0.5311840176582336],[-0.8089960217475891,0.5853318572044373,-0.05396363139152527]],"file_name":"/home/yutong/data/rgbd_dataset_freiburg2_desk/rgb/1311868183.968498.png","mnId":63,"t":[-1.4053112268447876,-0.7921777963638306,1.7288018465042114]},{"R":[[-0.3177756369113922,-0.41118860244750977,0.8543667793273926],[0.43663734197616577,0.7363808155059814,0.5168086290359497],[-0.8416451215744019,0.5372776389122009,-0.05446358025074005]],"file_name":"/home/yutong/data/rgbd_dataset_freiburg2_desk/rgb/1311868184.268504.png","mnId":64,"t":[-1.5111943483352661,-0.6295675039291382,1.6631510257720947]},{"R":[[-0.3477461338043213,-0.3986319303512573,0.8486254811286926],[0.4176205098628998,0.7445136904716492,0.5208573937416077],[-0.8394436836242676,0.5355295538902283,-0.0924249067902565]],"file_name":"/home/yutong/data/rgbd_dataset_freiburg2_desk/rgb/1311868184.600381.png","mnId":65,"t":[-1.5082556009292603,-0.5676562786102295,1.6594277620315552]},{"R":[[-0.4386092722415924,-0.38920196890830994,0.810027003288269],[0.3668309450149536,0.7453063130378723,0.5567346811294556],[-0.8204004764556885,0.5413320064544678,-0.18412694334983826]],"file_name":"/home/yutong/data/rgbd_dataset_freiburg2_desk/rgb/1311868184.868735.png","mnId":66,"t":[-1.4060636758804321,-0.5254455804824829,1.7628828287124634]},{"R":[[-0.4975340962409973,-0.4018745720386505,0.7687370777130127],[0.3298923075199127,0.7319605946540833,0.5961583256721497],[-0.8022661209106445,0.5502095222473145,-0.23160000145435333]],"file_name":"/home/yutong/data/rgbd_dataset_freiburg2_desk/rgb/1311868185.136538.png","mnId":67,"t":[-1.3508492708206177,-0.5403856635093689,1.802153468132019]},{"R":[[-0.5146722793579102,-0.38682183623313904,0.7651675343513489],[0.3022010028362274,0.753324568271637,0.5841032862663269],[-0.802363395690918,0.5318561792373657,-0.2708173096179962]],"file_name":"/home/yutong/data/rgbd_dataset_freiburg2_desk/rgb/1311868185.401199.png","mnId":68,"t":[-1.3662829399108887,-0.4424660801887512,1.8119897842407227]},{"R":[[-0.4876369535923004,-0.41513416171073914,0.768032431602478],[0.26221686601638794,0.7694569826126099,0.5823901295661926],[-0.8327379822731018,0.4853860139846802,-0.26636049151420593]],"file_name":"/home/yutong/data/rgbd_dataset_freiburg2_desk/rgb/1311868185.636409.png","mnId":69,"t":[-1.4593729972839355,-0.3725243806838989,1.7437835931777954]},{"R":[[-0.47226178646087646,-0.4036193788051605,0.7836199402809143],[0.24646978080272675,0.7930768132209778,0.5570294857025146],[-0.8462986946105957,0.45620235800743103,-0.27505987882614136]],"file_name":"/home/yutong/data/rgbd_dataset_freiburg2_desk/rgb/1311868185.800441.png","mnId":70,"t":[-1.5076677799224854,-0.2787051200866699,1.7150956392288208]},{"R":[[-0.477102130651474,-0.38916265964508057,0.787988543510437],[0.25255924463272095,0.7980819344520569,0.5470640659332275],[-0.8417763113975525,0.46001923084259033,-0.2824799418449402]],"file_name":"/home/yutong/data/rgbd_dataset_freiburg2_desk/rgb/1311868185.868447.png","mnId":71,"t":[-1.5008151531219482,-0.2621418237686157,1.7227404117584229]},{"R":[[-0.49630746245384216,-0.3828118145465851,0.7791880369186401],[0.25812429189682007,0.7918701767921448,0.5534559488296509],[-0.8288852572441101,0.4758116900920868,-0.29419803619384766]],"file_name":"/home/yutong/data/rgbd_dataset_freiburg2_desk/rgb/1311868185.968391.png","mnId":72,"t":[-1.4770053625106812,-0.2850128412246704,1.7391797304153442]},{"R":[[-0.5460866093635559,-0.3795599043369293,0.7468090057373047],[0.2543453574180603,0.7742668390274048,0.5794991850852966],[-0.7981840968132019,0.5064041614532471,-0.3262774646282196]],"file_name":"/home/yutong/data/rgbd_dataset_freiburg2_desk/rgb/1311868186.168524.png","mnId":73,"t":[-1.4112426042556763,-0.35346245765686035,1.7905831336975098]},{"R":[[-0.6292105317115784,-0.3527010977268219,0.6926009058952332],[0.2529557943344116,0.7496671676635742,0.6115655899047852],[-0.7349200248718262,0.5600009560585022,-0.3824807107448578]],"file_name":"/home/yutong/data/rgbd_dataset_freiburg2_desk/rgb/1311868186.368410.png","mnId":74,"t":[-1.2545008659362793,-0.4504173994064331,1.9052844047546387]},{"R":[[-0.6908660531044006,-0.31293800473213196,0.6517468094825745],[0.2684495151042938,0.7259882688522339,0.6331475973129272],[-0.6712964773178101,0.6123812794685364,-0.4175525903701782]],"file_name":"/home/yutong/data/rgbd_dataset_freiburg2_desk/rgb/1311868186.702517.png","mnId":75,"t":[-1.1281119585037231,-0.5541129112243652,2.006676435470581]},{"R":[[-0.696988046169281,-0.2996688783168793,0.6514646410942078],[0.2929568588733673,0.7102224826812744,0.6401252746582031],[-0.6545104384422302,0.6370106935501099,-0.4072265326976776]],"file_name":"/home/yutong/data/rgbd_dataset_freiburg2_desk/rgb/1311868187.136587.png","mnId":76,"t":[-1.0943429470062256,-0.6479189991950989,2.08028244972229]},{"R":[[-0.6874253749847412,-0.31663835048675537,0.6535950303077698],[0.32330772280693054,0.6724366545677185,0.6658085584640503],[-0.6503217816352844,0.6690060496330261,-0.35987842082977295]],"file_name":"/home/yutong/data/rgbd_dataset_freiburg2_desk/rgb/1311868187.400493.png","mnId":77,"t":[-1.1187163591384888,-0.804633617401123,2.0743937492370605]},{"R":[[-0.6646178960800171,-0.3276708424091339,0.6715019345283508],[0.3424580693244934,0.6651707887649536,0.6635286808013916],[-0.6640824675559998,0.6709542870521545,-0.32987087965011597]],"file_name":"/home/yutong/data/rgbd_dataset_freiburg2_desk/rgb/1311868187.736522.png","mnId":78,"t":[-1.2109192609786987,-0.8613178730010986,2.08066463470459]},{"R":[[-0.7314693927764893,-0.2965485453605652,0.614012598991394],[0.31619584560394287,0.6502928137779236,0.6907528638839722],[-0.6041297316551208,0.6994128227233887,-0.3819018602371216]],"file_name":"/home/yutong/data/rgbd_dataset_freiburg2_desk/rgb/1311868188.136705.png","mnId":79,"t":[-1.0795133113861084,-0.9666183590888977,2.2233548164367676]},{"R":[[-0.7752647995948792,-0.2945297658443451,0.5587635040283203],[0.3133467435836792,0.588761568069458,0.7450997233390808],[-0.5484325289726257,0.7527363300323486,-0.36415621638298035]],"file_name":"/home/yutong/data/rgbd_dataset_freiburg2_desk/rgb/1311868188.437067.png","mnId":80,"t":[-0.9951150417327881,-1.234786033630371,2.2194273471832275]},{"R":[[-0.7959336638450623,-0.23835431039333344,0.556486189365387],[0.35406461358070374,0.5623356699943542,0.7472729682922363],[-0.491047739982605,0.7918117642402649,-0.36318904161453247]],"file_name":"/home/yutong/data/rgbd_dataset_freiburg2_desk/rgb/1311868188.800670.png","mnId":81,"t":[-0.9065335392951965,-1.3688169717788696,2.275287389755249]},{"R":[[-0.7878903150558472,-0.19916635751724243,0.582719087600708],[0.4174279272556305,0.5229636430740356,0.7431439757347107],[-0.45275020599365234,0.8287591934204102,-0.32890039682388306]],"file_name":"/home/yutong/data/rgbd_dataset_freiburg2_desk/rgb/1311868189.100649.png","mnId":82,"t":[-0.8995409607887268,-1.5318478345870972,2.270021915435791]},{"R":[[-0.766564130783081,-0.2513742744922638,0.5909233689308167],[0.43279439210891724,0.4775822162628174,0.7645941376686096],[-0.47441381216049194,0.8418587446212769,-0.25730404257774353]],"file_name":"/home/yutong/data/rgbd_dataset_freiburg2_desk/rgb/1311868189.536633.png","mnId":83,"t":[-0.9735866785049438,-1.745268702507019,2.221923828125]},{"R":[[-0.7530442476272583,-0.25422054529190063,0.6068741679191589],[0.45096519589424133,0.4722124934196472,0.7573940753936768],[-0.479118674993515,0.8440303802490234,-0.2409522831439972]],"file_name":"/home/yutong/data/rgbd_dataset_freiburg2_desk/rgb/1311868190.236836.png","mnId":84,"t":[-1.1529004573822021,-1.8485674858093262,2.291733741760254]},{"R":[[-0.7435176968574524,-0.25998637080192566,0.6161075234413147],[0.44766464829444885,0.4909115433692932,0.7473969459533691],[-0.4967673420906067,0.831512451171875,-0.24861471354961395]],"file_name":"/home/yutong/data/rgbd_dataset_freiburg2_desk/rgb/1311868191.505579.png","mnId":85,"t":[-1.3497440814971924,-1.8535770177841187,2.397017240524292]},{"R":[[-0.7248380780220032,-0.2838078737258911,0.6277442574501038],[0.4396214485168457,0.511009156703949,0.7386491894721985],[-0.5304175615310669,0.8113709092140198,-0.24563086032867432]],"file_name":"/home/yutong/data/rgbd_dataset_freiburg2_desk/rgb/1311868192.870604.png","mnId":86,"t":[-1.4727015495300293,-1.650430679321289,2.282876491546631]},{"R":[[-0.8231039047241211,-0.24086974561214447,0.5142778754234314],[0.3493747115135193,0.49915051460266113,0.7929603457450867],[-0.44770222902297974,0.8323644399642944,-0.3266989290714264]],"file_name":"/home/yutong/data/rgbd_dataset_freiburg2_desk/rgb/1311868193.640297.png","mnId":87,"t":[-1.0624052286148071,-1.6315932273864746,2.4410297870635986]},{"R":[[-0.8337957262992859,-0.22933410108089447,0.5021857619285583],[0.29597383737564087,0.5821758508682251,0.7572785019874573],[-0.4660302400588989,0.7800494432449341,-0.4175388514995575]],"file_name":"/home/yutong/data/rgbd_dataset_freiburg2_desk/rgb/1311868195.238370.png","mnId":88,"t":[-1.1021784543991089,-1.2563543319702148,2.6575558185577393]},{"R":[[-0.8098641633987427,-0.2698516547679901,0.5208647847175598],[0.3088743984699249,0.5587024092674255,0.7697065472602844],[-0.49871501326560974,0.7842395305633545,-0.36912280321121216]],"file_name":"/home/yutong/data/rgbd_dataset_freiburg2_desk/rgb/1311868195.837123.png","mnId":89,"t":[-1.3223274946212769,-1.4074581861495972,2.6065824031829834]},{"R":[[-0.7397337555885315,-0.2736579477787018,0.6147400736808777],[0.41071537137031555,0.5400336384773254,0.734626829624176],[-0.5330168008804321,0.795911431312561,-0.2870855927467346]],"file_name":"/home/yutong/data/rgbd_dataset_freiburg2_desk/rgb/1311868196.468966.png","mnId":90,"t":[-1.6399537324905396,-1.5117288827896118,2.4976022243499756]},{"R":[[-0.7057703137397766,-0.27443772554397583,0.653124988079071],[0.4640941321849823,0.5174503922462463,0.7189309597015381],[-0.5352615118026733,0.810511589050293,-0.23783616721630096]],"file_name":"/home/yutong/data/rgbd_dataset_freiburg2_desk/rgb/1311868197.136991.png","mnId":91,"t":[-1.8606892824172974,-1.62698233127594,2.4436211585998535]},{"R":[[-0.7834334969520569,-0.24830056726932526,0.5697181820869446],[0.4340652525424957,0.43744567036628723,0.7875459790229797],[-0.44476887583732605,0.8642847537994385,-0.23493094742298126]],"file_name":"/home/yutong/data/rgbd_dataset_freiburg2_desk/rgb/1311868197.805395.png","mnId":92,"t":[-1.6636779308319092,-2.0133445262908936,2.4819109439849854]},{"R":[[-0.8080800771713257,-0.230070561170578,0.5422860383987427],[0.43151620030403137,0.39547020196914673,0.810800313949585],[-0.4009992480278015,0.8891967535018921,-0.22029240429401398]],"file_name":"/home/yutong/data/rgbd_dataset_freiburg2_desk/rgb/1311868199.169310.png","mnId":93,"t":[-1.7084200382232666,-2.117319345474243,2.3656721115112305]},{"R":[[-0.9178286790847778,-0.12729929387569427,0.37601253390312195],[0.3083021342754364,0.36811700463294983,0.8771771192550659],[-0.2500806450843811,0.9210237264633179,-0.29862168431282043]],"file_name":"/home/yutong/data/rgbd_dataset_freiburg2_desk/rgb/1311868200.305197.png","mnId":94,"t":[-1.149880290031433,-2.2887778282165527,2.5845463275909424]},{"R":[[-0.9522937536239624,-0.08395189791917801,0.29340872168540955],[0.2502821981906891,0.3352978825569153,0.908258855342865],[-0.17462939023971558,0.9383642077445984,-0.2982904314994812]],"file_name":"/home/yutong/data/rgbd_dataset_freiburg2_desk/rgb/1311868202.073300.png","mnId":95,"t":[-1.0278527736663818,-2.4493565559387207,2.6006016731262207]},{"R":[[-0.9773443937301636,-0.044853031635284424,0.20684798061847687],[0.17810797691345215,0.35369813442230225,0.9182457327842712],[-0.11434784531593323,0.9342836141586304,-0.3376961946487427]],"file_name":"/home/yutong/data/rgbd_dataset_freiburg2_desk/rgb/1311868203.173538.png","mnId":96,"t":[-0.8235833644866943,-2.402672052383423,2.7092347145080566]},{"R":[[-0.9985057711601257,0.031262047588825226,0.04482061788439751],[0.05310267210006714,0.36153140664100647,0.9308464527130127],[0.012896104715764523,0.9318356513977051,-0.3626512885093689]],"file_name":"/home/yutong/data/rgbd_dataset_freiburg2_desk/rgb/1311868203.937698.png","mnId":97,"t":[-0.22619107365608215,-2.2778096199035645,2.8191568851470947]},{"R":[[-0.9970964193344116,0.06171220913529396,-0.04461311921477318],[-0.019203320145606995,0.3631529211997986,0.9315316081047058],[0.07368826121091843,0.9296835660934448,-0.36091339588165283]],"file_name":"/home/yutong/data/rgbd_dataset_freiburg2_desk/rgb/1311868204.837551.png","mnId":98,"t":[-0.03424854576587677,-2.135122537612915,2.8798627853393555]},{"R":[[-0.9973153471946716,0.058603208512067795,-0.04390578344464302],[-0.01770145818591118,0.38886532187461853,0.9211245179176331],[0.07105429470539093,0.919428825378418,-0.38678401708602905]],"file_name":"/home/yutong/data/rgbd_dataset_freiburg2_desk/rgb/1311868205.237795.png","mnId":99,"t":[-0.0950346365571022,-1.9897245168685913,2.972637414932251]},{"R":[[-0.997825026512146,0.0574185885488987,-0.032377082854509354],[0.0010887206299230456,0.5054612755775452,0.8628485798835754],[0.06590890884399414,0.86093670129776,-0.5044244527816772]],"file_name":"/home/yutong/data/rgbd_dataset_freiburg2_desk/rgb/1311868206.005629.png","mnId":100,"t":[-0.15959899127483368,-1.5072046518325806,3.2325570583343506]},{"R":[[-0.9890264272689819,0.07389700412750244,-0.1279297173023224],[-0.07713393867015839,0.48024964332580566,0.8737337589263916],[0.12600450217723846,0.8740134835243225,-0.46927958726882935]],"file_name":"/home/yutong/data/rgbd_dataset_freiburg2_desk/rgb/1311868207.505671.png","mnId":101,"t":[0.0341053307056427,-1.729374647140503,3.1324691772460938]},{"R":[[-0.9909278750419617,0.055194176733493805,-0.12253803014755249],[-0.08405906707048416,0.45687735080718994,0.8855490684509277],[0.10486200451850891,0.8878156542778015,-0.4480929374694824]],"file_name":"/home/yutong/data/rgbd_dataset_freiburg2_desk/rgb/1311868207.937792.png","mnId":102,"t":[-0.08657702058553696,-1.8820635080337524,3.075439929962158]},{"R":[[-0.9902802109718323,0.04754742234945297,-0.13070698082447052],[-0.09913307428359985,0.4178788959980011,0.903078019618988],[0.09755872189998627,0.9072576761245728,-0.4091036915779114]],"file_name":"/home/yutong/data/rgbd_dataset_freiburg2_desk/rgb/1311868208.537898.png","mnId":103,"t":[-0.13858917355537415,-2.120983362197876,2.9914333820343018]},{"R":[[-0.9918621182441711,0.06277672946453094,-0.11076405644416809],[-0.08390280604362488,0.33205321431159973,0.9395216703414917],[0.09575966000556946,0.9411693811416626,-0.3240838348865509]],"file_name":"/home/yutong/data/rgbd_dataset_freiburg2_desk/rgb/1311868209.341866.png","mnId":104,"t":[-0.2510337829589844,-2.472261428833008,2.7073519229888916]},{"R":[[-0.9622373580932617,0.13737067580223083,-0.23500752449035645],[-0.17686575651168823,0.3407609462738037,0.9233636856079102],[0.20692448318004608,0.9300597906112671,-0.30359676480293274]],"file_name":"/home/yutong/data/rgbd_dataset_freiburg2_desk/rgb/1311868211.473939.png","mnId":105,"t":[0.06163845956325531,-2.5032052993774414,2.5860824584960938]},{"R":[[-0.9668141603469849,0.11999461054801941,-0.22554758191108704],[-0.17503847181797028,0.33195731043815613,0.9269120097160339],[0.18609660863876343,0.9356311559677124,-0.29993733763694763]],"file_name":"/home/yutong/data/rgbd_dataset_freiburg2_desk/rgb/1311868212.773943.png","mnId":106,"t":[-0.2254614531993866,-2.563117027282715,2.594862699508667]},{"R":[[-0.9374268054962158,0.16171611845493317,-0.308348685503006],[-0.22857964038848877,0.3821978271007538,0.8953636884689331],[0.2626449465751648,0.9098201394081116,-0.3213174641132355]],"file_name":"/home/yutong/data/rgbd_dataset_freiburg2_desk/rgb/1311868214.074100.png","mnId":107,"t":[-0.01576385647058487,-2.3608877658843994,2.637460231781006]},{"R":[[-0.8601874709129333,0.2509514391422272,-0.4439604878425598],[-0.31364789605140686,0.42610687017440796,0.8485623002052307],[0.4021225571632385,0.8691698908805847,-0.2878214120864868]],"file_name":"/home/yutong/data/rgbd_dataset_freiburg2_desk/rgb/1311868215.006391.png","mnId":108,"t":[0.5060652494430542,-2.2236850261688232,2.6348681449890137]},{"R":[[-0.7771210670471191,0.2747513949871063,-0.5662106275558472],[-0.39822903275489807,0.48198747634887695,0.7804496884346008],[0.48733606934547424,0.8319854140281677,-0.2651486396789551]],"file_name":"/home/yutong/data/rgbd_dataset_freiburg2_desk/rgb/1311868215.842289.png","mnId":109,"t":[0.9294883012771606,-1.9516750574111938,2.6307547092437744]},{"R":[[-0.7573270201683044,0.3115760087966919,-0.573913037776947],[-0.38552772998809814,0.49602556228637695,0.7780276536941528],[0.527090311050415,0.8104807734489441,-0.2555323541164398]],"file_name":"/home/yutong/data/rgbd_dataset_freiburg2_desk/rgb/1311868216.442339.png","mnId":110,"t":[0.9976488947868347,-1.8088486194610596,2.635908365249634]},{"R":[[-0.7571786642074585,0.3285082280635834,-0.5645908713340759],[-0.35381194949150085,0.5203028321266174,0.7772400379180908],[0.5490879416465759,0.7882685661315918,-0.2777320444583893]],"file_name":"/home/yutong/data/rgbd_dataset_freiburg2_desk/rgb/1311868216.874405.png","mnId":111,"t":[0.9555009603500366,-1.6663172245025635,2.705108165740967]},{"R":[[-0.7743329405784607,0.30459052324295044,-0.5546468496322632],[-0.3377664089202881,0.5422531962394714,0.7693343162536621],[0.535090982913971,0.7830619812011719,-0.31700408458709717]],"file_name":"/home/yutong/data/rgbd_dataset_freiburg2_desk/rgb/1311868217.307288.png","mnId":112,"t":[0.8486583828926086,-1.5423686504364014,2.791721820831299]},{"R":[[-0.7397760152816772,0.31569904088974,-0.5941932201385498],[-0.345292866230011,0.5798219442367554,0.7379562258720398],[0.5774983167648315,0.7510929703712463,-0.31992971897125244]],"file_name":"/home/yutong/data/rgbd_dataset_freiburg2_desk/rgb/1311868219.010718.png","mnId":113,"t":[0.9629334211349487,-1.5080422163009644,2.7632393836975098]},{"R":[[-0.7354438304901123,0.3309684991836548,-0.5912547707557678],[-0.3346957564353943,0.5812646150588989,0.7416941523551941],[0.5891528725624084,0.7433648705482483,-0.31671372056007385]],"file_name":"/home/yutong/data/rgbd_dataset_freiburg2_desk/rgb/1311868219.310567.png","mnId":114,"t":[0.9485952258110046,-1.5672789812088013,2.739468812942505]},{"R":[[-0.7110010385513306,0.37140676379203796,-0.5971051454544067],[-0.3467882573604584,0.5534961819648743,0.7572184801101685],[0.6117314696311951,0.7454521656036377,-0.2647368907928467]],"file_name":"/home/yutong/data/rgbd_dataset_freiburg2_desk/rgb/1311868219.543330.png","mnId":115,"t":[1.0324478149414063,-1.720276117324829,2.6165637969970703]},{"R":[[-0.6823322176933289,0.4136274456977844,-0.6027728319168091],[-0.348519891500473,0.5407495498657227,0.7655872702598572],[0.6426169872283936,0.7324631810188293,-0.22481344640254974]],"file_name":"/home/yutong/data/rgbd_dataset_freiburg2_desk/rgb/1311868219.874478.png","mnId":116,"t":[1.131380319595337,-1.8236494064331055,2.5162062644958496]},{"R":[[-0.6646759510040283,0.43903034925460815,-0.604531466960907],[-0.35011446475982666,0.5317654609680176,0.7711324691772461],[0.6600195169448853,0.724208414554596,-0.19974084198474884]],"file_name":"/home/yutong/data/rgbd_dataset_freiburg2_desk/rgb/1311868220.074683.png","mnId":117,"t":[1.1946539878845215,-1.890581727027893,2.458115577697754]},{"R":[[-0.6385975480079651,0.4455143213272095,-0.6274632811546326],[-0.39774060249328613,0.5069350600242615,0.7647347450256348],[0.6587834358215332,0.7379253506660461,-0.14652833342552185]],"file_name":"/home/yutong/data/rgbd_dataset_freiburg2_desk/rgb/1311868220.442609.png","mnId":118,"t":[1.2990257740020752,-2.0411925315856934,2.31504487991333]},{"R":[[-0.6240666508674622,0.454774409532547,-0.6353905200958252],[-0.4480566680431366,0.4579210579395294,0.7678238749504089],[0.6401453614234924,0.7638642191886902,-0.08200854808092117]],"file_name":"/home/yutong/data/rgbd_dataset_freiburg2_desk/rgb/1311868220.910650.png","mnId":119,"t":[1.3252230882644653,-2.2559356689453125,2.1436245441436768]},{"R":[[-0.6279110312461853,0.44543808698654175,-0.6382105350494385],[-0.4568946659564972,0.4528754651546478,0.7656050324440002],[0.630059540271759,0.7723268270492554,-0.08084719628095627]],"file_name":"/home/yutong/data/rgbd_dataset_freiburg2_desk/rgb/1311868222.610667.png","mnId":120,"t":[1.1955313682556152,-2.300626754760742,2.1641526222229004]},{"R":[[-0.5544905662536621,0.47308090329170227,-0.6846420168876648],[-0.4995107650756836,0.4688097834587097,0.7284959554672241],[0.6656044125556946,0.7459301948547363,-0.02364157885313034]],"file_name":"/home/yutong/data/rgbd_dataset_freiburg2_desk/rgb/1311868223.642738.png","mnId":121,"t":[1.3559798002243042,-2.2225866317749023,2.030383348464966]},{"R":[[-0.5033171772956848,0.5098568201065063,-0.6976516842842102],[-0.4948571026325226,0.49178972840309143,0.7164211869239807],[0.7083701491355896,0.7058249711990356,0.004780042450875044]],"file_name":"/home/yutong/data/rgbd_dataset_freiburg2_desk/rgb/1311868224.474953.png","mnId":122,"t":[1.4099888801574707,-2.158496141433716,2.0132784843444824]},{"R":[[-0.4784994423389435,0.5034576654434204,-0.719422459602356],[-0.5133388638496399,0.5043264627456665,0.6943616271018982],[0.7124054431915283,0.7015591263771057,0.01712445355951786]],"file_name":"/home/yutong/data/rgbd_dataset_freiburg2_desk/rgb/1311868224.812285.png","mnId":123,"t":[1.4285564422607422,-2.1288652420043945,2.0068676471710205]},{"R":[[-0.44229957461357117,0.5030285120010376,-0.7425183057785034],[-0.5274174213409424,0.523733913898468,0.6689795851707458],[0.7253977656364441,0.6875064373016357,0.033658716827631]],"file_name":"/home/yutong/data/rgbd_dataset_freiburg2_desk/rgb/1311868225.443381.png","mnId":124,"t":[1.4542313814163208,-2.0833916664123535,2.0097849369049072]},{"R":[[-0.41687169671058655,0.5206115245819092,-0.7451050877571106],[-0.5315206050872803,0.5253550410270691,0.6644455790519714],[0.7373627424240112,0.6730272769927979,0.05771012231707573]],"file_name":"/home/yutong/data/rgbd_dataset_freiburg2_desk/rgb/1311868226.576612.png","mnId":125,"t":[1.3924506902694702,-2.081251382827759,1.9888880252838135]},{"R":[[-0.3839965760707855,0.5220764875411987,-0.7615659832954407],[-0.5340887904167175,0.5472221970558167,0.644435465335846],[0.7531904578208923,0.6542048454284668,0.06870374083518982]],"file_name":"/home/yutong/data/rgbd_dataset_freiburg2_desk/rgb/1311868227.110902.png","mnId":126,"t":[1.377148151397705,-1.9545446634292603,1.9600502252578735]},{"R":[[-0.30995088815689087,0.557951033115387,-0.769818902015686],[-0.5281585454940796,0.5722195506095886,0.6273861527442932],[0.7905561327934265,0.6010453104972839,0.11732664704322815]],"file_name":"/home/yutong/data/rgbd_dataset_freiburg2_desk/rgb/1311868227.711001.png","mnId":127,"t":[1.4657963514328003,-1.8268203735351563,1.8570107221603394]},{"R":[[-0.1679047793149948,0.5671829581260681,-0.806294858455658],[-0.5578824281692505,0.6196632981300354,0.5520730018615723],[0.8127577304840088,0.5425134897232056,0.21237699687480927]],"file_name":"/home/yutong/data/rgbd_dataset_freiburg2_desk/rgb/1311868228.214746.