0 1 0 0 -0 0 1 0 -0 0 0 1 -0
1 1 0.00094891 1.37686e-05 -0.00161111 -0.000948911 1 0.000118368 0.000114131 -1.36563e-05 -0.000118381 1 0.00113385
2 1 0.000501265 -0.000467392 -0.000756834 -0.000501234 1 6.73969e-05 0.000134175 0.000467426 -6.71626e-05 1 -0.000448065
3 0.999999 0.000197702 -0.001199 -0.00273141 -0.000196864 1 0.000699178 -0.0003208 0.00119913 -0.000698941 0.999999 -0.00011762
4 0.999998 0.0012069 -0.00158714 -0.00281773 -0.00120596 0.999999 0.000589807 4.31726e-05 0.00158785 -0.000587892 0.999999 -0.00106685
5 0.999995 0.00105405 -0.00298583 -0.00343804 -0.00104922 0.999998 0.00161814 -0.000317603 0.00298753 -0.001615 0.999994 -0.000658645
6 0.999987 0.000149744 -0.00501966 -0.00218008 -0.000134976 0.999996 0.00294233 -0.00160269 0.00502008 -0.00294161 0.999983 -0.00344179
7 0.999977 -0.000443222 -0.00682275 -0.00258197 0.000463491 0.999995 0.00296955 -0.00128243 0.00682141 -0.00297265 0.999972 -0.00341816
8 0.999963 -0.00167255 -0.00838669 -0.0030008 0.00170419 0.999991 0.00376631 -0.0015564 0.00838032 -0.00378047 0.999958 -0.00380935
9 0.999953 -0.00205039 -0.00951583 -0.00299842 0.00209302 0.999988 0.00447278 -0.000966521 0.00950654 -0.00449248 0.999945 -0.00304714
10 0.999951 -0.0036289 -0.00919604 -0.00339025 0.00366562 0.999985 0.00397967 -0.00112817 0.00918147 -0.00401318 0.99995 -0.00180962
11 0.999966 -0.00320071 -0.0076546 -0.00431196 0.00322795 0.999988 0.00354885 -0.000560249 0.00764315 -0.00357344 0.999964 -0.00351728
12 0.999979 -0.00264135 -0.00592919 -0.0048665 0.0026595 0.999992 0.00305495 -0.000651926 0.00592108 -0.00307065 0.999978 -0.00309728
13 0.999994 -0.00277502 -0.00188434 -0.00854676 0.00278114 0.999991 0.00325211 -0.000930841 0.0018753 -0.00325733 0.999993 0.00169043
14 0.999995 -0.00299479 0.000590093 -0.0053955 0.00299184 0.999983 0.00494715 -0.00120519 -0.000604899 -0.00494536 0.999988 -0.00331236
15 0.999992 -0.00267236 0.00288489 -0.0102608 0.00265425 0.999977 0.00626224 -0.00187379 -0.00290156 -0.00625454 0.999976 0.000216231
16 0.999984 -0.00393318 0.00401954 -0.0118951 0.00390516 0.999968 0.00695513 -0.00186811 -0.00404677 -0.00693933 0.999968 0.00320097
17 0.999975 -0.00495139 0.00504955 -0.0132074 0.00490838 0.999952 0.00849532 -0.00150301 -0.00509137 -0.00847032 0.999951 0.00340378
18 0.999967 -0.00540441 0.00607699 -0.0153472 0.00533889 0.999928 0.0107467 -0.00182063 -0.00613463 -0.0107139 0.999924 0.0025338
19 0.999966 -0.00559749 0.00605561 -0.0159027 0.00553128 0.999925 0.0108949 -0.00180923 -0.00611614 -0.010861 0.999922 0.00172961
20 0.999976 -0.00312281 0.00620395 -0.0245454 0.00304652 0.99992 0.0122682 -0.00246638 -0.00624176 -0.012249 0.999905 0.00354171
21 0.999978 -0.000222832 0.00662794 -0.0259325 0.000135043 0.999912 0.0132428 -0.00216854 -0.00663031 -0.0132416 0.99989 0.00365478
22 0.99993 0.00576963 0.0103677 -0.0347012 -0.00590508 0.999897 0.0130819 -0.00509658 -0.0102911 -0.0131422 0.999861 -0.000387861
23 0.999808 0.0137588 0.0139765 -0.0352414 -0.0139227 0.999835 0.0116982 -0.00512153 -0.0138133 -0.0118905 0.999834 -0.00199401
24 0.999777 0.0134975 0.0162208 -0.0377691 -0.0136517 0.999862 0.00943278 -0.00489009 -0.0160912 -0.00965212 0.999824 0.000161127
25 0.999753 0.0108179 0.01939 -0.0447191 -0.0109755 0.999907 0.00804162 -0.00320728 -0.0193013 -0.00825246 0.99978 0.00991852
26 0.999767 0.00731346 0.0202877 -0.0464712 -0.00746344 0.999945 0.00732687 -0.00279937 -0.020233 -0.00747658 0.999767 0.0123269
27 0.999758 0.00261052 0.0218269 -0.0519021 -0.00277681 0.999967 0.00759153 -4.62588e-05 -0.0218064 -0.0076503 0.999733 0.0201084
28 0.999678 -0.00621619 0.0246064 -0.0529664 0.00604359 0.999957 0.00708265 0.000134057 -0.0246493 -0.00693166 0.999672 0.0274374
29 0.999482 -0.0147805 0.0286026 -0.0513445 0.014614 0.999875 0.00602206 0.00188363 -0.0286881 -0.00560094 0.999573 0.0408476
30 0.999163 -0.0193151 0.0360463 -0.0519594 0.0192224 0.999811 0.00291651 0.002069 -0.0360958 -0.00222117 0.999346 0.0506981
31 0.998761 -0.0213111 0.0449803 -0.0528249 0.0213955 0.99977 -0.0013958 0.00223595 -0.0449402 0.00235645 0.998987 0.0602674
32 0.998395 -0.0196701 0.053115 -0.0532046 0.0196719 0.999806 0.00048934 0.0024376 -0.0531144 0.000556321 0.998588 0.0751928
33 0.997835 -0.0229592 0.0616259 -0.0532511 0.0228966 0.999736 0.0017217 0.00320473 -0.0616492 -0.00030695 0.998098 0.0901454
34 0.997359 -0.0270906 0.0673893 -0.0566745 0.0269604 0.999632 0.00284184 0.0169358 -0.0674415 -0.0010175 0.997723 0.0808157
35 0.99712 -0.0300151 0.0696497 -0.0544689 0.0297783 0.999547 0.00443701 0.017241 -0.0697514 -0.00235018 0.997562 0.101161
36 0.997098 -0.0330786 0.0685713 -0.048605 0.0329666 0.999453 0.00276484 0.0184496 -0.0686252 -0.00049625 0.997642 0.121932
37 0.997152 -0.0345363 0.0670487 -0.045968 0.0345961 0.999401 0.00026989 0.0255814 -0.0670179 0.0020505 0.99775 0.131823
38 0.997233 -0.0300416 0.0679988 -0.0363128 0.0303015 0.999537 -0.00279338 0.0252237 -0.0678834 0.00484612 0.997681 0.156374
39 0.997586 -0.0206508 0.0662941 -0.0281587 0.0212937 0.999733 -0.00900638 0.0260583 -0.0660904 0.0103963 0.997759 0.182069
40 0.997808 -0.015604 0.0643131 -0.0151699 0.0165152 0.99977 -0.0136601 0.0233052 -0.0640852 0.0146923 0.997836 0.205881
41 0.997888 -0.011564 0.0639155 -0.00176158 0.0127342 0.999758 -0.0179324 0.0193615 -0.0636927 0.0187085 0.997794 0.233581
42 0.997801 -0.0112534 0.0653118 0.00719277 0.0126807 0.999689 -0.0214793 0.0155062 -0.0650497 0.0222602 0.997634 0.259374
43 0.99781 -0.0110124 0.0652166 0.00990522 0.0121651 0.999776 -0.0173045 0.023261 -0.0650114 0.01806 0.997721 0.253515
44 0.998287 -0.0044213 0.0583323 0.019129 0.00540588 0.999845 -0.0167319 0.0207087 -0.0582493 0.0170186 0.998157 0.280513
45 0.998825 -0.00242125 0.048397 0.0213862 0.00335506 0.99981 -0.0192229 0.0167267 -0.0483412 0.0193627 0.998643 0.305683
46 0.999453 -0.00443543 0.032763 0.0272349 0.00498311 0.999849 -0.016654 0.0117906 -0.0326842 0.0168081 0.999324 0.331754
47 0.999871 -0.00143424 0.0159953 0.0302316 0.00155002 0.999973 -0.00722831 0.00719589 -0.0159845 0.00725217 0.999846 0.357009
48 0.999992 0.00318813 0.00259157 0.0209634 -0.00318749 0.999995 -0.000251052 0.00965221 -0.00259236 0.00024279 0.999997 0.361145
49 0.999955 -0.0039251 -0.00858242 0.0212426 0.00395199 0.999987 0.00311854 0.010242 0.00857007 -0.00315232 0.999958 0.393738
50 0.999849 -0.00710923 -0.0158356 0.0239528 0.00720586 0.999956 0.00605295 0.0110255 0.0157919 -0.00616615 0.999856 0.422638
51 0.999801 -0.0111165 -0.0165924 0.0274275 0.0112606 0.999899 0.00862066 0.0114421 0.0164949 -0.00880578 0.999825 0.450862
52 0.999794 -0.0102977 -0.0174744 0.0294961 0.0104586 0.999904 0.00913714 0.0126578 0.0173787 -0.00931802 0.999806 0.481686
53 0.999881 -0.00869606 -0.0127622 0.0127257 0.00880142 0.999927 0.00822314 0.0182181 0.0126897 -0.00833448 0.999885 0.504124
54 0.999966 -0.00469968 -0.00680947 0.0143385 0.00474749 0.999964 0.00702231 0.0177364 0.00677623 -0.0070544 0.999952 0.535722
55 1 0.000122746 -0.000678397 0.016389 -0.000119615 0.999989 0.00461424 0.0168253 0.000678956 -0.00461415 0.999989 0.571434
56 0.999973 0.00408748 0.00609858 0.0192403 -0.00410788 0.999986 0.00333717 0.016702 -0.00608485 -0.00336214 0.999976 0.607395
57 0.999883 0.00880194 0.0125025 0.0203444 -0.00883195 0.999958 0.00234751 0.0164428 -0.0124813 -0.00245765 0.999919 0.636716
58 0.999674 0.0175102 0.0185818 0.01812 -0.0175992 0.999834 0.00463922 0.00641279 -0.0184975 -0.00496473 0.999817 0.665456
59 0.999647 0.00983002 0.0246676 0.0212514 -0.00992141 0.999944 0.00358496 0.00176568 -0.024631 -0.00382843 0.999689 0.693962
60 0.999383 -0.00670403 0.0344712 0.0188072 0.00675389 0.999976 -0.00133027 -0.00541817 -0.0344615 0.00156226 0.999405 0.725615
61 0.998762 -0.0177867 0.0464505 0.0171561 0.018104 0.999816 -0.00641954 -0.0125725 -0.0463277 0.00725254 0.9989 0.747022
62 0.998589 -0.0181223 0.0499184 0.0245174 0.0186684 0.999771 -0.0104951 -0.0185838 -0.0497167 0.0114122 0.998698 0.775083
63 0.998572 -0.0187851 0.0500079 0.027135 0.0196388 0.999669 -0.0166361 -0.022282 -0.0496788 0.0175944 0.99861 0.79691
64 0.998494 -0.023674 0.0494807 0.0262123 0.0247566 0.999465 -0.0213806 -0.0256233 -0.0489481 0.0225733 0.998546 0.825649
65 0.998385 -0.0277257 0.0495868 0.0269531 0.0289911 0.999267 -0.0249832 -0.0209659 -0.0488578 0.0263804 0.998457 0.856595
66 0.998277 -0.0333527 0.0482673 0.0278433 0.0346519 0.999052 -0.0263358 -0.0237408 -0.0473432 0.027963 0.998487 0.869654
67 0.998338 -0.0327549 0.0474224 0.0304205 0.0341478 0.999 -0.0288666 -0.0209546 -0.0464295 0.0304379 0.998458 0.897156
68 0.998441 -0.0305715 0.046702 0.0360212 0.0319119 0.999092 -0.0282297 -0.0205586 -0.0457966 0.029676 0.99851 0.926354
69 0.998636 -0.0274394 0.0444267 0.0444549 0.0285895 0.999267 -0.0254628 -0.0191375 -0.0436955 0.0266982 0.998688 0.957358
70 0.998977 -0.0221434 0.0394308 0.0406787 0.0231057 0.999442 -0.0241185 -0.0192909 -0.0388747 0.0250049 0.998931 0.984652
71 0.999372 -0.0191478 0.0298022 0.0463997 0.019905 0.999481 -0.0253202 -0.0184758 -0.0293019 0.0258975 0.999235 1.0183
72 0.999642 -0.0195426 0.0182714 0.0530449 0.0200835 0.999351 -0.0299087 -0.0169577 -0.0176751 0.030265 0.999386 1.05241
73 0.999933 -0.0103349 0.00522713 0.0587072 0.0105048 0.99938 -0.0336015 -0.0163674 -0.00487663 0.0336541 0.999422 1.08327
74 0.999887 -0.002225 -0.0148737 0.0640433 0.00170887 0.999399 -0.034624 -0.0151358 0.0149418 0.0345947 0.99929 1.11449
75 0.999244 -0.00475784 -0.0385807 0.0666475 0.00343481 0.999406 -0.0342865 -0.0442927 0.0387209 0.034128 0.998667 1.13421
76 0.997692 -0.0132141 -0.0666085 0.0694906 0.0108007 0.999277 -0.0364641 -0.0512184 0.0670422 0.0356605 0.997113 1.16573
77 0.995537 -0.0155983 -0.0930742 0.0720868 0.0127401 0.999431 -0.0312247 -0.056886 0.0935083 0.0298995 0.995169 1.1935
78 0.993479 -0.0139534 -0.113157 0.0728659 0.0114942 0.999684 -0.0223556 -0.0623847 0.113434 0.0209092 0.993326 1.222
79 0.991614 -0.014976 -0.128368 0.0765361 0.0132381 0.999809 -0.0143809 -0.0684031 0.128559 0.0125609 0.991622 1.25541
80 0.990005 -0.0165325 -0.140062 0.0765828 0.0152237 0.99983 -0.0104108 -0.0649117 0.14021 0.00817452 0.990088 1.2559
81 0.988082 -0.0142861 -0.153266 0.0781144 0.0137842 0.999896 -0.00433683 -0.0693399 0.153312 0.00217248 0.988175 1.28209
82 0.986813 -0.00791218 -0.16167 0.0600051 0.00775174 0.999969 -0.00162316 -0.0474327 0.161677 0.000348541 0.986844 1.32571
83 0.985872 0.00409431 -0.167451 0.0570927 -0.00219428 0.999931 0.0115303 -0.0494993 0.167487 -0.0109999 0.985813 1.35662
84 0.985971 0.0159562 -0.166153 0.0503115 -0.0129933 0.999737 0.0189041 -0.0513948 0.166411 -0.01648 0.985919 1.3914
85 0.986328 0.0298297 -0.162072 0.0432045 -0.0263328 0.999373 0.0236825 -0.0541103 0.162677 -0.0190909 0.986495 1.41354
86 0.986607 0.0360531 -0.159078 0.0405418 -0.0324075 0.999151 0.0254527 -0.0560146 0.15986 -0.0199565 0.986938 1.4511
87 0.98774 0.0294372 -0.15331 0.0259533 -0.0260456 0.999371 0.0240845 -0.0648729 0.153923 -0.0197962 0.987885 1.4914
88 0.988799 0.030452 -0.146112 0.0259078 -0.0276079 0.999389 0.0214544 -0.0772953 0.146676 -0.0171803 0.989035 1.525
89 0.989579 0.0258134 -0.141659 0.0252408 -0.0242203 0.999623 0.0129589 -0.0732505 0.14194 -0.00939289 0.989831 1.56204
90 0.989943 0.0139061 -0.140782 0.0167128 -0.0134214 0.9999 0.00439148 -0.0798944 0.140829 -0.00245782 0.990031 1.58078
91 0.989067 0.00126437 -0.147464 0.0164776 -0.0030025 0.999929 -0.0115648 -0.0864343 0.147439 0.0118812 0.989 1.61042
92 0.98741 0.00701156 -0.158023 0.0104396 -0.00928585 0.999864 -0.0136584 -0.0898021 0.157906 0.0149538 0.987341 1.64227
93 0.984805 0.00615671 -0.173556 0.00348953 -0.0100642 0.999715 -0.0216432 -0.0924832 0.173373 0.023061 0.984586 1.67556
94 0.981882 -0.000265002 -0.189496 -0.000122709 -0.00536432 0.999559 -0.0291933 -0.0972786 0.18942 0.0296809 0.981447 1.70628
95 0.978821 -0.00482099 -0.204659 -0.000454557 -0.00140116 0.999541 -0.0302467 -0.0939071 0.204711 0.0298929 0.978366 1.7284
96 0.975398 -0.00208461 -0.22044 0.000611469 -0.00417222 0.999602 -0.027914 -0.095259 0.22041 0.028147 0.975001 1.75758
97 0.970892 0.00509823 -0.239463 -0.0104773 -0.011508 0.999612 -0.0253765 -0.0929684 0.239241 0.0273936 0.970574 1.80029
98 0.965228 0.0130151 -0.261085 -0.0135552 -0.0194327 0.999569 -0.0220139 -0.0935461 0.260686 0.026322 0.965065 1.83583
99 0.95803 0.0190342 -0.286036 -0.0197442 -0.0256727 0.999481 -0.019476 -0.0949172 0.285517 0.0260019 0.958021 1.87398
100 0.948443 0.0182418 -0.316422 -0.0181612 -0.0245389 0.999572 -0.0159272 -0.101918 0.315996 0.0228707 0.948485 1.91404
101 0.933603 0.0102077 -0.358163 -0.0231793 -0.0166893 0.999748 -0.0150102 -0.101789 0.357919 0.0199911 0.933539 1.93829
102 0.913018 0.0112566 -0.407765 -0.0346141 -0.0182757 0.999744 -0.0133222 -0.109804 0.407511 0.0196156 0.91299 1.97497
103 0.88736 0.0113933 -0.460937 -0.0413139 -0.0199955 0.999705 -0.0137833 -0.11941 0.460644 0.0214474 0.887326 2.0097
104 0.858655 0.00224511 -0.512549 -0.0517548 -0.0151432 0.999665 -0.02099 -0.125955 0.51233 0.0257848 0.858402 2.04461
105 0.827478 -0.00705418 -0.561453 -0.061998 -0.00619645 0.999745 -0.0216934 -0.12426 0.561463 0.0214298 0.827224 2.07628
106 0.80122 -0.00446988 -0.598353 -0.0840839 -0.00381783 0.999914 -0.0125819 -0.13156 0.598357 0.0123653 0.801134 2.10502
107 0.778112 -0.00284674 -0.62812 -0.0989666 -0.00154838 0.999978 -0.00645019 -0.131179 0.628124 0.00599153 0.77809 2.12929
108 0.757397 -0.00152258 -0.652953 -0.117964 -0.00128095 0.999992 -0.00381766 -0.132833 0.652954 0.00372789 0.757389 2.15761
109 0.737664 0.000218132 -0.675168 -0.13485 -0.00171014 0.999997 -0.00154536 -0.132935 0.675166 0.00229459 0.737662 2.18584
110 0.718732 0.010872 -0.695202 -0.152282 -0.00864166 0.99994 0.00670353 -0.129787 0.695233 0.00118965 0.718783 2.21149
111 0.70366 0.0270925 -0.710021 -0.181822 -0.0170013 0.999629 0.0212943 -0.134815 0.710334 -0.0029127 0.703859 2.23762
112 0.691324 0.0387714 -0.721504 -0.197025 -0.0255091 0.999246 0.0292543 -0.136304 0.722094 -0.00181924 0.691792 2.26842
113 0.685868 0.0488579 -0.726084 -0.224576 -0.0355267 0.998802 0.03365 -0.13694 0.726858 0.00271594 0.686783 2.29344
114 0.68231 0.0545047 -0.729029 -0.254928 -0.0367761 0.998513 0.0402329 -0.138549 0.730138 -0.000640487 0.6833 2.31719
115 0.674996 0.06137 -0.735265 -0.277635 -0.0372031 0.998098 0.0491542 -0.152884 0.736883 -0.00582475 0.675995 2.34485
116 0.665484 0.0650387 -0.743573 -0.305423 -0.0430437 0.997883 0.0487592 -0.154967 0.74517 -0.000442342 0.666875 2.3672
117 0.651267 0.0524694 -0.757032 -0.330742 -0.0349229 0.998622 0.0391699 -0.161001 0.758044 0.00092767 0.652202 2.39217
118 0.63173 0.0360272 -0.774351 -0.350861 -0.0251568 0.999346 0.0259718 -0.166914 0.77478 0.00307305 0.632224 2.41627
119 0.606664 0.024766 -0.794573 -0.369172 -0.0230765 0.999642 0.0135386 -0.17789 0.794623 0.0101226 0.607018 2.44436
120 0.581477 0.0156316 -0.813412 -0.398276 -0.025888 0.999665 0.00070451 -0.180169 0.813151 0.020648 0.581687 2.46219
121 0.550165 0.0073835 -0.835023 -0.42655 -0.0252993 0.999649 -0.0078296 -0.181017 0.834673 0.0254331 0.550159 2.48318
122 0.520491 -0.00224623 -0.853864 -0.453916 -0.0193335 0.999709 -0.014415 -0.180312 0.853648 0.0240111 0.520296 2.50575
123 0.494226 -0.00797494 -0.869297 -0.486382 -0.016169 0.999701 -0.0183639 -0.174035 0.869183 0.0231316 0.493949 2.52907
124 0.4734 -0.00182245 -0.880846 -0.518137 -0.022009 0.999661 -0.0138968 -0.175799 0.880573 0.0259653 0.473199 2.54938
125 0.453904 7.37737e-05 -0.89105 -0.550522 -0.0308865 0.9994 -0.0156509 -0.172558 0.890515 0.0346254 0.453634 2.57033
126 0.429424 0.00100474 -0.903102 -0.583635 -0.0390866 0.999083 -0.0174741 -0.171011 0.902257 0.042803 0.42907 2.59298
127 0.399325 -0.000900248 -0.916809 -0.615155 -0.0432201 0.998869 -0.0198057 -0.174432 0.91579 0.0475335 0.398834 2.61416
128 0.361184 -0.00570026 -0.932477 -0.647674 -0.0462707 0.99864 -0.0240271 -0.181997 0.931346 0.0518245 0.360429 2.63601
129 0.320828 -0.0141636 -0.947032 -0.680486 -0.0580259 0.997716 -0.0345792 -0.19423 0.945358 0.0660464 0.319273 2.65757
130 0.279606 -0.0261689 -0.959758 -0.713859 -0.0700709 0.996407 -0.0475819 -0.199795 0.957554 0.0805553 0.276768 2.6751
131 0.239114 -0.0386948 -0.97022 -0.74808 -0.0664978 0.996207 -0.0561198 -0.20782 0.968712 0.0779365 0.235634 2.68934
132 0.20115 -0.0379519 -0.978825 -0.784571 -0.0655249 0.99649 -0.0521023 -0.212812 0.977366 0.0746178 0.197957 2.69745
133 0.164816 -0.0169356 -0.986179 -0.819815 -0.0703027 0.997108 -0.0288727 -0.222951 0.983816 0.0740897 0.163149 2.70135
134 0.135121 0.0030376 -0.990824 -0.85683 -0.0672489 0.997717 -0.00611217 -0.223673 0.988544 0.0674577 0.135017 2.70676
135 0.113358 0.0169367 -0.99341 -0.897739 -0.0510863 0.998631 0.0111962 -0.222002 0.99224 0.0494804 0.114068 2.71285
136 0.0928082 0.0294369 -0.995249 -0.93537 -0.0368691 0.998979 0.0261091 -0.221369 0.995001 0.0342708 0.0937987 2.7185
137 0.0796372 0.0397176 -0.996032 -0.974218 -0.0376433 0.998613 0.0368107 -0.21782 0.996113 0.0345624 0.0810218 2.72259
138 0.0695606 0.0472211 -0.996459 -1.01113 -0.0485228 0.997857 0.0439 -0.215235 0.996397 0.0452973 0.0717029 2.72639
139 0.0611752 0.0453893 -0.997094 -1.05178 -0.0597262 0.997342 0.0417362 -0.213632 0.996338 0.0569995 0.0637236 2.73091
140 0.0623131 0.0459639 -0.996998 -1.0922 -0.0729134 0.996479 0.0413829 -0.217367 0.99539 0.0701158 0.0654451 2.73558
141 0.0616774 0.0430799 -0.997166 -1.13219 -0.076691 0.996319 0.0382998 -0.223624 0.995145 0.0741115 0.0647542 2.73938
142 0.0598376 0.0455289 -0.997169 -1.17109 -0.0869441 0.995401 0.0402308 -0.231436 0.994415 0.0842907 0.0635208 2.74482
143 0.0617101 0.0437523 -0.997135 -1.20919 -0.0873718 0.99544 0.0382707 -0.238922 0.994263 0.0847598 0.0652515 2.74969
144 0.0610882 0.0353331 -0.997507 -1.24767 -0.0731701 0.996843 0.0308286 -0.244292 0.995447 0.0711044 0.0634806 2.75672
145 0.0580917 0.0230841 -0.998044 -1.28335 -0.0654135 0.997672 0.019268 -0.250384 0.996166 0.0641663 0.0594665 2.76364
146 0.0491105 0.0116964 -0.998725 -1.31942 -0.0663875 0.997758 0.00842059 -0.254616 0.996585 0.0658893 0.0497769 2.7721
147 0.0400959 -0.000742115 -0.999196 -1.35653 -0.0669778 0.997749 -0.00342874 -0.254809 0.996948 0.0670614 0.0399559 2.78016
148 0.0259357 -0.00847205 -0.999628 -1.39337 -0.0634334 0.997935 -0.0101035 -0.254181 0.997649 0.0636719 0.0253448 2.78683
149 0.0136554 -0.0142323 -0.999805 -1.43375 -0.0612946 0.998006 -0.0150438 -0.252174 0.998026 0.0614881 0.0127558 2.79407
150 0.00401324 -0.0167069 -0.999852 -1.4718 -0.062709 0.997888 -0.0169258 -0.250113 0.998024 0.0627677 0.0029571 2.79963
151 -0.00241465 -0.0165045 -0.999861 -1.51292 -0.0684317 0.997523 -0.0163006 -0.248536 0.997653 0.0683829 -0.0035381 2.80672
152 -0.0136724 -0.0187268 -0.999731 -1.55368 -0.0746376 0.997054 -0.0176559 -0.248297 0.997117 0.0743762 -0.0150298 2.81311
153 -0.0311027 -0.0137057 -0.999422 -1.59442 -0.081333 0.996625 -0.0111362 -0.251663 0.996202 0.0809397 -0.0321124 2.81926
154 -0.0539525 -0.0112892 -0.99848 -1.63654 -0.0799091 0.996778 -0.0069521 -0.259131 0.995341 0.0794125 -0.0546807 2.82466
155 -0.0861334 -0.0125895 -0.996204 -1.67826 -0.0793224 0.996832 -0.00573909 -0.267427 0.993121 0.078527 -0.0868592 2.82791
156 -0.129784 -0.0133479 -0.991452 -1.71708 -0.0920682 0.995752 -0.00135379 -0.273374 0.987259 0.0911055 -0.130461 2.82816
157 -0.180868 -0.00804458 -0.983474 -1.75421 -0.0881731 0.996072 0.00806802 -0.278535 0.979547 0.0881753 -0.180867 2.82376
158 -0.236736 0.00027523 -0.971574 -1.79322 -0.0783649 0.996736 0.019377 -0.285327 0.968408 0.0807245 -0.235942 2.8179
159 -0.288795 0.0158706 -0.957259 -1.83095 -0.0745741 0.996452 0.0390186 -0.285688 0.954482 0.0826551 -0.286587 2.80773
160 -0.337554 0.0291503 -0.940855 -1.86029 -0.0936393 0.993523 0.0643775 -0.299212 0.936637 0.109832 -0.332638 2.79362
161 -0.378304 0.0400937 -0.924813 -1.89494 -0.0928427 0.99238 0.0810012 -0.297711 0.921014 0.116505 -0.371699 2.78549
162 -0.412848 0.0466116 -0.909606 -1.93003 -0.0905544 0.991641 0.0919158 -0.292672 0.906287 0.120316 -0.405176 2.77177
163 -0.441497 0.0550434 -0.895573 -1.96928 -0.0845034 0.991129 0.102575 -0.289558 0.893275 0.120965 -0.432929 2.75176
164 -0.464713 0.0597122 -0.883445 -2.0064 -0.0843368 0.990203 0.111291 -0.285847 0.881436 0.126225 -0.455125 2.73596
165 -0.48313 0.0588615 -0.873568 -2.04122 -0.0907814 0.988992 0.116846 -0.280053 0.870829 0.135756 -0.472469 2.72422
166 -0.492621 0.0558241 -0.868452 -2.07964 -0.100587 0.987599 0.12054 -0.278773 0.864411 0.146736 -0.480897 2.70567
167 -0.497151 0.057341 -0.865767 -2.11332 -0.102384 0.986966 0.12416 -0.280786 0.861602 0.150367 -0.484801 2.68579
168 -0.495092 0.0621336 -0.866616 -2.14935 -0.103336 0.986149 0.129739 -0.285282 0.862674 0.153785 -0.481813 2.66739
169 -0.494316 0.0685641 -0.866574 -2.18618 -0.109258 0.984079 0.140185 -0.290965 0.862389 0.163976 -0.478955 2.64983
170 -0.499996 0.0687716 -0.863293 -2.21802 -0.104522 0.984763 0.138984 -0.294483 0.859697 0.159725 -0.485189 2.63574
171 -0.515063 0.0603413 -0.855026 -2.25337 -0.0966187 0.987074 0.127863 -0.29789 0.851689 0.148469 -0.502576 2.62027
172 -0.532234 0.0442664 -0.845439 -2.28373 -0.102934 0.98784 0.116523 -0.301537 0.840316 0.149042 -0.521205 2.60577
173 -0.555851 0.0318554 -0.830671 -2.31351 -0.109084 0.987829 0.110877 -0.302749 0.824093 0.152244 -0.545611 2.58865
174 -0.579937 0.0227601 -0.814344 -2.34586 -0.114654 0.98738 0.109247 -0.300882 0.806553 0.156724 -0.570008 2.57408
175 -0.601179 0.0168557 -0.798936 -2.37722 -0.113884 0.987766 0.106534 -0.295794 0.790958 0.155032 -0.591905 2.55222
176 -0.622447 0.0120621 -0.782569 -2.41117 -0.112077 0.988203 0.104376 -0.292536 0.774596 0.152676 -0.613752 2.53098
177 -0.639822 0.00535989 -0.768504 -2.44591 -0.114468 0.988157 0.102193 -0.286736 0.75995 0.153354 -0.631631 2.51005
178 -0.65856 0.000963905 -0.752528 -2.48265 -0.118021 0.987492 0.104548 -0.280404 0.743216 0.157665 -0.650209 2.49161
179 -0.679517 -0.00317701 -0.733652 -2.51533 -0.122871 0.986359 0.109534 -0.281244 0.723297 0.164575 -0.670639 2.4678
180 -0.701673 -0.0030391 -0.712493 -2.55337 -0.117763 0.986732 0.111766 -0.281079 0.7027 0.162329 -0.692721 2.44181
181 -0.727182 -0.000227757 -0.686444 -2.58758 -0.105568 0.988141 0.111506 -0.284904 0.678278 0.153552 -0.718583 2.41426
182 -0.754316 -0.00801825 -0.656463 -2.6168 -0.11326 0.986522 0.118093 -0.288374 0.646669 0.16343 -0.745057 2.38901
183 -0.78621 -0.0120579 -0.617841 -2.64321 -0.112003 0.986031 0.123282 -0.291366 0.607724 0.166126 -0.776578 2.35992
184 -0.81564 -0.00535659 -0.578534 -2.67197 -0.103243 0.985255 0.136433 -0.297138 0.569273 0.17101 -0.804167 2.32618
185 -0.844986 0.00824278 -0.534724 -2.69127 -0.0895563 0.983581 0.156681 -0.297317 0.527236 0.180282 -0.830374 2.29704
186 -0.87119 0.0156001 -0.490698 -2.70917 -0.0806258 0.981378 0.174344 -0.294304 0.48428 0.191449 -0.853709 2.26325
187 -0.891119 0.024705 -0.453097 -2.72717 -0.0694484 0.979328 0.189984 -0.29233 0.448424 0.200765 -0.870982 2.2306
188 -0.905219 0.0351847 -0.423486 -2.74321 -0.0547403 0.978608 0.198316 -0.283202 0.421405 0.202701 -0.883929 2.19822
189 -0.91747 0.0309148 -0.396601 -2.76173 -0.0573695 0.976271 0.208814 -0.273076 0.393646 0.214334 -0.893926 2.16704
190 -0.927148 0.0284982 -0.373611 -2.77807 -0.0577252 0.974336 0.21757 -0.263981 0.370223 0.223286 -0.901708 2.12998
191 -0.933563 0.0206509 -0.357817 -2.7925 -0.063147 0.973245 0.220923 -0.256088 0.352806 0.228841 -0.907282 2.09569
192 -0.940459 0.00661519 -0.339844 -2.80861 -0.0749611 0.971158 0.226346 -0.251472 0.331539 0.238344 -0.912838 2.06119
193 -0.946324 -0.00290434 -0.323205 -2.82091 -0.0801752 0.970817 0.226024 -0.24868 0.313117 0.239805 -0.91894 2.02003
194 -0.951223 -0.00424711 -0.308474 -2.83386 -0.0773576 0.971243 0.225171 -0.24858 0.298647 0.238051 -0.924198 1.97992
195 -0.954993 -0.0234438 -0.295699 -2.84778 -0.0945114 0.968966 0.228413 -0.251346 0.281168 0.24608 -0.927572 1.9468
196 -0.957441 -0.0179191 -0.288073 -2.86476 -0.0853729 0.970993 0.223347 -0.253724 0.275714 0.238435 -0.931198 1.90777
197 -0.959862 -0.00464339 -0.280433 -2.88441 -0.0669436 0.974758 0.212994 -0.25412 0.272365 0.223218 -0.935944 1.87089
198 -0.959311 -0.0119362 -0.282098 -2.89542 -0.0727348 0.975834 0.206055 -0.256237 0.272821 0.218189 -0.936996 1.83747
199 -0.95996 -0.0321446 -0.278287 -2.9039 -0.0898218 0.976265 0.197076 -0.248126 0.265347 0.214181 -0.940062 1.80124
200 -0.962505 -0.0485746 -0.266879 -2.91839 -0.101639 0.976744 0.188786 -0.241661 0.251502 0.208833 -0.945058 1.77066
201 -0.964688 -0.0496959 -0.258666 -2.93621 -0.0985677 0.978797 0.179555 -0.234424 0.244259 0.19871 -0.949132 1.73342
202 -0.966466 -0.0431204 -0.253147 -2.95552 -0.0895185 0.980536 0.174742 -0.225633 0.240685 0.191544 -0.951515 1.69501
203 -0.968015 -0.0417318 -0.247396 -2.97085 -0.0863993 0.981204 0.172551 -0.215121 0.235545 0.188407 -0.953426 1.65706
204 -0.969301 -0.0424963 -0.242176 -2.9849 -0.0859189 0.9814 0.171675 -0.203855 0.230376 0.187212 -0.954923 1.61501
205 -0.970827 -0.0464951 -0.235231 -2.99814 -0.0872374 0.982279 0.165885 -0.193052 0.22335 0.181566 -0.957679 1.5773
206 -0.97409 -0.0456733 -0.221503 -3.01779 -0.0831485 0.983126 0.162939 -0.194015 0.210323 0.177135 -0.961451 1.5378
207 -0.977723 -0.0486094 -0.204194 -3.03264 -0.0820393 0.98393 0.158592 -0.196 0.193203 0.171811 -0.965999 1.49759
208 -0.981335 -0.0618922 -0.182073 -3.04535 -0.0921861 0.982319 0.162944 -0.19815 0.168769 0.176687 -0.96969 1.45733
209 -0.985933 -0.0626675 -0.154951 -3.05625 -0.0892164 0.981255 0.170819 -0.200517 0.141341 0.18224 -0.973042 1.41741
210 -0.991004 -0.050058 -0.12412 -3.07402 -0.0721225 0.98098 0.18021 -0.202202 0.112738 0.187541 -0.975766 1.37787
211 -0.994691 -0.0427669 -0.0935978 -3.07178 -0.0605459 0.978681 0.196259 -0.212964 0.083209 0.200884 -0.976075 1.34439
212 -0.996908 -0.0432724 -0.0655876 -3.07996 -0.055988 0.976841 0.206512 -0.210527 0.0551324 0.209546 -0.976243 1.30311
213 -0.998726 -0.0359182 -0.035437 -3.08908 -0.0426263 0.97641 0.211676 -0.204003 0.0269981 0.212916 -0.976697 1.26195
214 -0.999551 -0.0296269 -0.00438889 -3.09344 -0.0298907 0.977565 0.2085 -0.19259 -0.00188679 0.208538 -0.978013 1.22075
215 -0.999194 -0.0293306 0.0273927 -3.09443 -0.0232197 0.979212 0.201508 -0.182803 -0.0327336 0.20071 -0.979104 1.17505
216 -0.998387 -0.0258608 0.050547 -3.0968 -0.0152176 0.979557 0.200588 -0.17532 -0.0547011 0.199495 -0.978371 1.13556
217 -0.997803 -0.0283475 0.0598856 -3.10084 -0.0156509 0.979115 0.202703 -0.163982 -0.064381 0.20132 -0.977408 1.08913
218 -0.997588 -0.0351365 0.0598557 -3.09833 -0.0218025 0.977379 0.210368 -0.165309 -0.0658933 0.208556 -0.975788 1.04489
219 -0.997706 -0.0311312 0.0601194 -3.09812 -0.0176457 0.976889 0.213018 -0.16933 -0.0653615 0.211469 -0.975197 0.9988
220 -0.997696 -0.0381445 0.0560957 -3.10042 -0.0253968 0.976824 0.212533 -0.167842 -0.0629026 0.210618 -0.975542 0.956724
221 -0.997908 -0.0440828 0.0472883 -3.10229 -0.0332855 0.977405 0.208739 -0.164648 -0.0554216 0.206728 -0.976827 0.915794
222 -0.998628 -0.0404294 0.033285 -3.10524 -0.0328241 0.978482 0.203707 -0.166461 -0.0408044 0.202334 -0.978466 0.87837
223 -0.998674 -0.0476752 0.0194128 -3.11648 -0.043079 0.98049 0.191792 -0.172437 -0.0281778 0.190702 -0.981244 0.841093
224 -0.996195 -0.0869955 0.00518418 -3.11312 -0.0845205 0.978931 0.18588 -0.173014 -0.0212457 0.184734 -0.982559 0.802462
225 -0.995362 -0.0957041 0.00972771 -3.11916 -0.0921456 0.977591 0.189277 -0.171875 -0.0276243 0.187503 -0.981875 0.771268
226 -0.994528 -0.104103 0.00871659 -3.12118 -0.100787 0.978098 0.182117 -0.163347 -0.0274846 0.180242 -0.983238 0.735343
227 -0.993789 -0.111054 0.00708366 -3.127 -0.108031 0.97809 0.177959 -0.153162 -0.0266916 0.176088 -0.984012 0.697466
228 -0.993534 -0.113479 0.0034318 -3.13232 -0.111158 0.978469 0.173901 -0.142074 -0.023092 0.172395 -0.984757 0.650548
229 -0.992881 -0.119102 0.00112821 -3.13856 -0.117044 0.977399 0.176047 -0.13308 -0.0220703 0.174662 -0.984381 0.612198
230 -0.990599 -0.136635 -0.0066837 -3.15058 -0.135683 0.975118 0.175316 -0.120236 -0.017437 0.174575 -0.984489 0.573496
231 -0.990521 -0.137356 0.00138688 -3.16737 -0.135171 0.97646 0.168091 -0.108331 -0.0244426 0.16631 -0.98577 0.536957
232 -0.988817 -0.148184 0.0167931 -3.16595 -0.142735 0.973006 0.181346 -0.10683 -0.0432123 0.176921 -0.983276 0.494737
233 -0.985194 -0.165044 0.0464126 -3.15904 -0.153056 0.968655 0.195656 -0.12008 -0.0772496 0.185656 -0.979574 0.451019
234 -0.985961 -0.152845 0.0672232 -3.16253 -0.13511 0.96685 0.21667 -0.125711 -0.0981118 0.204546 -0.973928 0.415448
235 -0.982718 -0.156387 0.0990417 -3.16461 -0.130382 0.964567 0.229371 -0.119028 -0.131403 0.212493 -0.968287 0.375017
236 -0.978606 -0.15838 0.131327 -3.16712 -0.124683 0.964259 0.233794 -0.107255 -0.163662 0.212417 -0.963376 0.332863
237 -0.977681 -0.154802 0.14204 -3.13893 -0.114506 0.959466 0.257515 -0.128688 -0.176146 0.235503 -0.955778 0.29493
238 -0.975853 -0.147091 0.16148 -3.1389 -0.100151 0.958292 0.267666 -0.114639 -0.194117 0.24503 -0.949884 0.254212
239 -0.973492 -0.1435 0.178106 -3.13378 -0.091458 0.957959 0.271937 -0.104691 -0.209642 0.248439 -0.945689 0.212608
240 -0.972361 -0.133882 0.191282 -3.12722 -0.0775677 0.957966 0.276195 -0.0963113 -0.220219 0.253724 -0.941875 0.173944
241 -0.966427 -0.141578 0.214418 -3.12218 -0.079387 0.958197 0.274873 -0.0860568 -0.244371 0.248623 -0.937267 0.132793
242 -0.959922 -0.156457 0.23253 -3.11622 -0.0894904 0.957351 0.27472 -0.0781109 -0.265595 0.242901 -0.932984 0.0928589
243 -0.951779 -0.176324 0.251049 -3.1096 -0.10366 0.955038 0.277772 -0.0738887 -0.28874 0.238354 -0.927263 0.0518108
244 -0.951479 -0.182813 0.247521 -3.10097 -0.112609 0.955457 0.272803 -0.0715574 -0.286367 0.231694 -0.929684 0.0108348
245 -0.949002 -0.192854 0.249405 -3.08933 -0.127696 0.958416 0.255212 -0.0702303 -0.288253 0.210349 -0.934165 -0.0320685
246 -0.952473 -0.204381 0.225885 -3.08397 -0.14213 0.954023 0.263891 -0.0702784 -0.269434 0.219244 -0.93773 -0.0720528
247 -0.956036 -0.205456 0.209246 -3.07558 -0.14751 0.953622 0.262384 -0.0625459 -0.25345 0.219983 -0.942004 -0.111284
248 -0.961337 -0.190948 0.198421 -3.07011 -0.138487 0.958032 0.250991 -0.0635041 -0.23802 0.213809 -0.947435 -0.154667
249 -0.965386 -0.174028 0.194276 -3.06908 -0.12703 0.964258 0.232531 -0.064779 -0.227799 0.199803 -0.952988 -0.193972
250 -0.965589 -0.169394 0.19734 -3.06383 -0.126409 0.968818 0.213101 -0.0618818 -0.227284 0.180823 -0.956893 -0.230268
251 -0.964566 -0.178263 0.194511 -3.05709 -0.139222 0.970123 0.198695 -0.0562036 -0.224119 0.164574 -0.960565 -0.265389
252 -0.965727 -0.179692 0.187301 -3.03948 -0.145598 0.97242 0.182213 -0.0402212 -0.214877 0.148697 -0.965255 -0.298672
253 -0.964594 -0.184113 0.188839 -3.03835 -0.150724 0.97239 0.178155 -0.0333201 -0.216426 0.143385 -0.965713 -0.338541
254 -0.962739 -0.183719 0.198445 -3.04838 -0.14813 0.972188 0.181404 -0.0316747 -0.226253 0.145249 -0.963178 -0.383204
255 -0.96118 -0.183531 0.206031 -3.0437 -0.146547 0.972243 0.182395 -0.0217718 -0.233787 0.145121 -0.961396 -0.42764
256 -0.957365 -0.187045 0.220149 -3.02999 -0.145508 0.970576 0.191858 -0.0168995 -0.249557 0.151644 -0.956413 -0.46892
257 -0.948521 -0.208274 0.2386 -3.02245 -0.162266 0.966548 0.198634 -0.0109437 -0.271988 0.149692 -0.950587 -0.512713
258 -0.938163 -0.179265 0.296167 -3.01 -0.115452 0.968526 0.220519 -0.0138938 -0.326377 0.17269 -0.929331 -0.555864
259 -0.919273 -0.201661 0.338039 -2.99069 -0.129861 0.966088 0.223182 -0.00666258 -0.371583 0.161267 -0.914286 -0.591687
260 -0.894271 -0.216196 0.391841 -2.98355 -0.132265 0.964137 0.2301 -0.0122518 -0.427535 0.153944 -0.890795 -0.631775
261 -0.873739 -0.206538 0.440365 -2.9613 -0.116385 0.967843 0.223011 -0.00867889 -0.472265 0.143602 -0.869681 -0.667417
262 -0.852334 -0.181621 0.49045 -2.93441 -0.0788685 0.971677 0.222764 -0.00449697 -0.517017 0.151188 -0.842517 -0.70137
263 -0.822311 -0.178183 0.540421 -2.9135 -0.0573705 0.970831 0.232799 0.000198238 -0.566139 0.160429 -0.808548 -0.736588
264 -0.795365 -0.179556 0.578925 -2.88591 -0.0435214 0.969568 0.240923 0.0099709 -0.604567 0.166426 -0.778975 -0.767184
265 -0.765369 -0.179235 0.618131 -2.86729 -0.024266 0.967792 0.250578 0.0160191 -0.643135 0.176785 -0.745067 -0.802113
266 -0.733681 -0.176088 0.656281 -2.85674 -0.0121265 0.969077 0.246459 0.0191871 -0.679385 0.172864 -0.713129 -0.835781
267 -0.705439 -0.178871 0.685829 -2.83319 -0.00568714 0.969029 0.246883 0.030483 -0.708748 0.17026 -0.684608 -0.867622
268 -0.690679 -0.181768 0.699945 -2.80918 -0.0136472 0.971 0.238691 0.0414718 -0.723033 0.155307 -0.673129 -0.894808
269 -0.679417 -0.182616 0.710664 -2.78315 -0.0244079 0.973623 0.226853 0.0492219 -0.733346 0.136782 -0.665953 -0.927474
270 -0.664311 -0.183522 0.724576 -2.75615 -0.0307534 0.97528 0.218824 0.0516714 -0.746823 0.123084 -0.653533 -0.956803
271 -0.636569 -0.189251 0.747639 -2.72809 -0.0387955 0.976055 0.214038 0.0528664 -0.770243 0.107245 -0.628668 -0.988186
272 -0.60877 -0.210272 0.764974 -2.70036 -0.0449858 0.971834 0.231333 0.051803 -0.79207 0.106416 -0.601083 -1.01469
273 -0.581557 -0.210175 0.785887 -2.67483 -0.0255653 0.970294 0.240573 0.0469795 -0.813104 0.119816 -0.569655 -1.04576
274 -0.553261 -0.182829 0.812697 -2.64725 0.00978691 0.974123 0.225806 0.0506465 -0.83295 0.132884 -0.537155 -1.07767
275 -0.515023 -0.156826 0.842708 -2.62169 0.0370005 0.978137 0.204642 0.0536099 -0.856378 0.136576 -0.49796 -1.10776
276 -0.476322 -0.140693 0.867942 -2.59666 0.0487102 0.981377 0.185813 0.0584339 -0.877921 0.130784 -0.460598 -1.13519
277 -0.448739 -0.133098 0.883696 -2.57195 0.054228 0.982969 0.175587 0.0632786 -0.892016 0.126714 -0.433878 -1.16244
278 -0.424043 -0.121355 0.897475 -2.54851 0.0582574 0.985274 0.160753 0.0696097 -0.903766 0.120451 -0.410728 -1.19066
279 -0.410541 -0.112228 0.904909 -2.51759 0.0628013 0.98656 0.150846 0.0809724 -0.909677 0.118758 -0.397975 -1.2209
280 -0.403142 -0.111824 0.908279 -2.49098 0.0616472 0.986933 0.14887 0.090236 -0.913058 0.116009 -0.390981 -1.24792
281 -0.393845 -0.112236 0.912299 -2.46136 0.0609897 0.987139 0.147773 0.100692 -0.917151 0.113841 -0.381935 -1.27995
282 -0.384156 -0.1176 0.915748 -2.43109 0.060054 0.986572 0.151888 0.106057 -0.921313 0.113343 -0.371935 -1.30879
283 -0.369705 -0.127875 0.920308 -2.40064 0.0557961 0.985641 0.159367 0.109613 -0.927472 0.110268 -0.357261 -1.33619
284 -0.34109 -0.134847 0.930308 -2.3706 0.059794 0.984541 0.164631 0.10801 -0.938127 0.111781 -0.327754 -1.36149
285 -0.30094 -0.136653 0.943801 -2.33853 0.0580502 0.98522 0.161159 0.107745 -0.951875 0.103287 -0.288559 -1.38472
286 -0.24534 -0.149079 0.957906 -2.30291 0.0543809 0.984433 0.167135 0.108215 -0.967911 0.0930967 -0.233414 -1.40333
287 -0.179231 -0.154431 0.971611 -2.26972 0.0677092 0.983325 0.168783 0.105729 -0.981474 0.0960382 -0.165786 -1.42178
288 -0.11708 -0.156532 0.980709 -2.23095 0.0865078 0.982139 0.167088 0.106156 -0.989348 0.104402 -0.101448 -1.43394
289 -0.0650948 -0.16288 0.984496 -2.19586 0.0991158 0.980655 0.168798 0.107898 -0.992944 0.108567 -0.0476916 -1.44518
290 -0.015278 -0.166034 0.986002 -2.16189 0.113528 0.979452 0.166691 0.113045 -0.993417 0.114486 0.00388558 -1.45522
291 0.0272959 -0.168907 0.985254 -2.1282 0.128125 0.978083 0.164128 0.119701 -0.991382 0.121756 0.0483389 -1.47024
292 0.06132 -0.169725 0.983582 -2.08976 0.139893 0.977171 0.159897 0.128543 -0.988266 0.127791 0.0836635 -1.47887
293 0.092424 -0.173549 0.980479 -2.05156 0.146077 0.976403 0.159058 0.136953 -0.984946 0.128525 0.115595 -1.48324
294 0.112752 -0.18046 0.977098 -2.0176 0.14903 0.975317 0.162933 0.140093 -0.982383 0.127246 0.136863 -1.48671
295 0.132093 -0.197946 0.971272 -1.97782 0.133248 0.97451 0.180484 0.143881 -0.98224 0.105579 0.155102 -1.48654
296 0.145204 -0.2078 0.967334 -1.93644 0.121985 0.973996 0.190921 0.145861 -0.981853 0.0902781 0.166777 -1.48668
297 0.152583 -0.210025 0.965716 -1.89756 0.11157 0.974572 0.194323 0.14142 -0.981973 0.0780949 0.172136 -1.48969
298 0.16416 -0.209525 0.963925 -1.85604 0.105967 0.975272 0.193946 0.140588 -0.980725 0.070306 0.182304 -1.48919
299 0.172194 -0.21455 0.961414 -1.81847 0.10298 0.974566 0.199041 0.138573 -0.979665 0.0647329 0.189909 -1.4923
300 0.185275 -0.20569 0.960919 -1.77974 0.114672 0.975693 0.186742 0.136525 -0.975973 0.0755918 0.204359 -1.497
301 0.199369 -0.191053 0.96112 -1.74037 0.124607 0.977791 0.168519 0.136574 -0.97197 0.0861643 0.218748 -1.50065
302 0.209519 -0.181155 0.960877 -1.70068 0.120395 0.97999 0.158506 0.139925 -0.970364 0.0824745 0.227137 -1.50148
303 0.230094 -0.168749 0.958426 -1.66437 0.115047 0.982662 0.145396 0.141008 -0.966344 0.0768094 0.245518 -1.50463
304 0.25388 -0.16099 0.953744 -1.62601 0.110281 0.984439 0.136815 0.146957 -0.960928 0.0704451 0.267684 -1.5036
305 0.278588 -0.153334 0.948092 -1.58901 0.110301 0.985749 0.127013 0.149347 -0.954056 0.0691917 0.291531 -1.50692
306 0.30126 -0.148852 0.941852 -1.54586 0.112055 0.986423 0.120054 0.158418 -0.946935 0.0693721 0.31385 -1.50514
307 0.320151 -0.144807 0.936234 -1.50377 0.112021 0.987102 0.114369 0.166109 -0.94072 0.0682624 0.332243 -1.50267
308 0.339695 -0.141822 0.929782 -1.46086 0.109259 0.987823 0.110758 0.173239 -0.934168 0.0639636 0.351054 -1.49922
309 0.364668 -0.144152 0.919911 -1.4201 0.104855 0.988017 0.113258 0.175002 -0.925215 0.0551558 0.375414 -1.49875
310 0.395903 -0.1434 0.907026 -1.37663 0.106645 0.988228 0.109689 0.173314 -0.912079 0.0533035 0.406536 -1.49555
311 0.432848 -0.131097 0.891883 -1.33756 0.0963619 0.990429 0.0988154 0.173204 -0.896302 0.0431715 0.441338 -1.49259
312 0.471878 -0.11331 0.874352 -1.29603 0.084268 0.992963 0.0832029 0.173864 -0.877627 0.0344183 0.478106 -1.48379
313 0.52028 -0.107789 0.847166 -1.25822 0.0897074 0.993412 0.0713034 0.168466 -0.849271 0.0388994 0.526522 -1.47563
314 0.567951 -0.117535 0.814627 -1.22045 0.0987399 0.992333 0.074334 0.163622 -0.817118 0.0382181 0.575202 -1.46033
315 0.606606 -0.132835 0.783826 -1.18579 0.102597 0.990778 0.0885059 0.16168 -0.788354 0.0267303 0.61464 -1.44566
316 0.63707 -0.143367 0.757356 -1.15327 0.108596 0.989444 0.0959525 0.162719 -0.763118 0.0211177 0.645914 -1.42604
317 0.664527 -0.15221 0.731598 -1.11744 0.114892 0.988206 0.101239 0.162129 -0.738379 0.0167789 0.674177 -1.40826
318 0.683877 -0.157597 0.712373 -1.08103 0.125529 0.987248 0.0978998 0.171829 -0.718717 0.0224722 0.694939 -1.38301
319 0.698451 -0.158247 0.697943 -1.04879 0.125422 0.987219 0.0983223 0.179442 -0.704582 0.0188638 0.709372 -1.36006
320 0.710299 -0.153666 0.686922 -1.01454 0.112365 0.988119 0.104856 0.177208 -0.694874 0.00270672 0.719127 -1.33962
321 0.719591 -0.14401 0.679301 -0.981209 0.0957308 0.989492 0.108361 0.178441 -0.687768 -0.0129457 0.725815 -1.31381
322 0.731764 -0.135004 0.668053 -0.949558 0.0856442 0.99063 0.10638 0.172703 -0.676155 -0.0206302 0.73647 -1.28851
323 0.742499 -0.130885 0.656936 -0.915589 0.0844808 0.991191 0.101996 0.164982 -0.664498 -0.0202337 0.747016 -1.26256
324 0.751919 -0.121019 0.648053 -0.884571 0.0693701 0.992074 0.104773 0.159446 -0.655596 -0.0338255 0.754354 -1.23684
325 0.762782 -0.11623 0.636125 -0.853842 0.0653359 0.992533 0.103006 0.154304 -0.643347 -0.0370093 0.76468 -1.21546
326 0.773862 -0.11554 0.622726 -0.820087 0.0760125 0.993056 0.0897892 0.149877 -0.628776 -0.0221495 0.777271 -1.19128
327 0.785511 -0.110174 0.608961 -0.788656 0.0844901 0.993903 0.0708335 0.145594 -0.613053 -0.00418925 0.790031 -1.17097
328 0.798579 -0.0948712 0.594366 -0.758786 0.0785281 0.995481 0.0533873 0.144046 -0.596745 0.00404044 0.802421 -1.14935
329 0.813809 -0.0789916 0.575738 -0.729343 0.0684576 0.996852 0.0400034 0.144209 -0.577086 0.00685853 0.816655 -1.1286
330 0.828047 -0.0656054 0.556807 -0.699664 0.0603327 0.99779 0.0278411 0.147154 -0.557403 0.0105399 0.830175 -1.10588
331 0.842822 -0.0540432 0.535472 -0.668741 0.0541642 0.998412 0.0155126 0.150928 -0.53546 0.0159291 0.844411 -1.08161
332 0.856334 -0.0405778 0.514826 -0.63696 0.0414425 0.999093 0.00981371 0.156421 -0.514757 0.0129319 0.857238 -1.0568
