[{"R":[[0.9999009370803833,-0.0030137477442622185,-0.013749241828918457],[0.003153524361550808,0.9999434351921082,0.010155805386602879],[0.013717858120799065,-0.010198157280683517,0.9998539090156555]],"file_name":"/home/yutong/data/diamond_walk_for_test/rgb/0000000000000000000.png","mnId":1,"t":[0.10698103159666061,-0.07686576247215271,0.2436087280511856]},{"R":[[0.9999126195907593,-0.003574906149879098,-0.012727800756692886],[0.003694692859426141,0.9999489784240723,0.009400371462106705],[0.012693545781075954,-0.009446575306355953,0.9998748302459717]],"file_name":"/home/yutong/data/diamond_walk_for_test/rgb/0000000000150000000.png","mnId":2,"t":[0.11080078780651093,-0.076868437230587,0.2420034110546112]},{"R":[[0.9999275803565979,-0.00440193060785532,-0.01120279636234045],[0.004497156478464603,0.9999538660049438,0.008489237166941166],[0.011164911091327667,-0.008539002388715744,0.9999012351036072]],"file_name":"/home/yutong/data/diamond_walk_for_test/rgb/0000000000250000000.png","mnId":3,"t":[0.11320002377033234,-0.07713674753904343,0.2419828325510025]},{"R":[[0.9999859929084778,0.0001207173554576002,-0.005294998176395893],[-8.812947635306045e-05,0.9999810457229614,0.006154265720397234],[0.005295640788972378,-0.006153712514787912,0.9999670386314392]],"file_name":"/home/yutong/data/diamond_walk_for_test/rgb/0000000000499999999.png","mnId":5,"t":[0.11719059944152832,-0.07765336334705353,0.23828168213367462]},{"R":[[0.9993860721588135,-0.004956129938364029,-0.03468332812190056],[0.00505841476842761,0.9999831318855286,0.002861971501260996],[0.03466855734586716,-0.0030356571078300476,0.9993942379951477]],"file_name":"/home/yutong/data/diamond_walk_for_test/rgb/0000000001350000000.png","mnId":12,"t":[0.1473110169172287,-0.08018243312835693,0.20818576216697693]},{"R":[[0.9981469511985779,0.018460940569639206,-0.05798153206706047],[-0.017754187807440758,0.9997619390487671,0.012680871412158012],[0.058201830834150314,-0.01162795815616846,0.998237133026123]],"file_name":"/home/yutong/data/diamond_walk_for_test/rgb/0000000001550000000.png","mnId":14,"t":[0.14621727168560028,-0.08185577392578125,0.17152363061904907]},{"R":[[0.996513843536377,0.024831663817167282,-0.07964654266834259],[-0.024291686713695526,0.999674916267395,0.007741587236523628],[0.07981289178133011,-0.005779849831014872,0.9967930912971497]],"file_name":"/home/yutong/data/diamond_walk_for_test/rgb/0000000001700000000.png","mnId":15,"t":[0.14164315164089203,-0.08501964807510376,0.12570440769195557]},{"R":[[0.9982784390449524,0.0019157069036737084,-0.05862151458859444],[-0.0004258943081367761,0.9996768832206726,0.025416040793061256],[0.058651261031627655,-0.02534732036292553,0.9979566931724548]],"file_name":"/home/yutong/data/diamond_walk_for_test/rgb/0000000002250000000.png","mnId":17,"t":[0.06411750614643097,-0.06562468409538269,-0.14345717430114746]},{"R":[[0.999996542930603,0.002595413476228714,0.00034681387478485703],[-0.002596119651570916,0.9999945163726807,0.0020511620678007603],[-0.00034148836857639253,-0.00205205543898046,0.9999978542327881]],"file_name":"/home/yutong/data/diamond_walk_for_test/rgb/0000000002449999999.png","mnId":18,"t":[0.03952328860759735,-0.04878846928477287,-0.2518973648548126]},{"R":[[0.9982602596282959,0.018558653071522713,-0.05596433952450752],[-0.01768547110259533,0.9997146725654602,0.016057636588811874],[0.056246377527713776,-0.015039944089949131,0.9983036518096924]],"file_name":"/home/yutong/data/diamond_walk_for_test/rgb/0000000003099999999.png","mnId":20,"t":[0.054272279143333435,-0.02063649147748947,-0.6472421884536743]},{"R":[[0.9980371594429016,0.03448174521327019,-0.0522761195898056],[-0.03277093172073364,0.9989100694656372,0.03323802724480629],[0.05336524546146393,-0.03145965188741684,0.9980793595314026]],"file_name":"/home/yutong/data/diamond_walk_for_test/rgb/0000000003299999999.png","mnId":21,"t":[0.044416386634111404,-0.034066781401634216,-0.7599638104438782]},{"R":[[0.9988128542900085,0.02364518493413925,-0.04258903115987778],[-0.022373730316758156,0.9992968440055847,0.030087336897850037],[0.043270502239465714,-0.029098741710186005,0.9986395239830017]],"file_name":"/home/yutong/data/diamond_walk_for_test/rgb/0000000003499999999.png","mnId":22,"t":[0.019342955201864243,-0.03730131313204765,-0.8865236043930054]},{"R":[[0.9993084669113159,0.0038771245162934065,0.03698047995567322],[-0.005328308790922165,0.9992161989212036,0.03922443836927414],[-0.036799415946006775,-0.039394356310367584,0.9985458850860596]],"file_name":"/home/yutong/data/diamond_walk_for_test/rgb/0000000003749999999.png","mnId":23,"t":[-0.09702905267477036,-0.027221648022532463,-1.0420348644256592]},{"R":[[0.9902759790420532,-0.014198657125234604,0.1383904367685318],[0.01433894969522953,0.9998971819877625,-1.6761483493610285e-05],[-0.13837596774101257,0.002000971930101514,0.9903777241706848]],"file_name":"/home/yutong/data/diamond_walk_for_test/rgb/0000000004499999999.png","mnId":26,"t":[-0.22449734807014465,0.06951854377985,-1.5292021036148071]},{"R":[[0.9792822599411011,-0.001227312139235437,0.20249643921852112],[-0.0055649615824222565,0.9994408488273621,0.03296993300318718],[-0.20242367684841156,-0.03341375291347504,0.9787278175354004]],"file_name":"/home/yutong/data/diamond_walk_for_test/rgb/0000000004749999999.png","mnId":27,"t":[-0.3382534980773926,0.0235636867582798,-1.6750391721725464]},{"R":[[0.7782215476036072,-0.0027137156575918198,0.6279839277267456],[-0.002150199608877301,0.9999732971191406,0.006985807325690985],[-0.6279861330986023,-0.006786796730011702,0.7781949639320374]],"file_name":"/home/yutong/data/diamond_walk_for_test/rgb/0000000005349999999.png","mnId":29,"t":[-1.2597533464431763,0.11626401543617249,-1.7156033515930176]},{"R":[[0.7029093503952026,-0.01695924438536167,0.7110772132873535],[0.025330184027552605,0.9996784329414368,-0.0011968212202191353],[-0.7108282446861267,0.018852973356842995,0.7031129002571106]],"file_name":"/home/yutong/data/diamond_walk_for_test/rgb/0000000005549999999.png","mnId":30,"t":[-1.4683877229690552,0.13442948460578918,-1.6928719282150269]},{"R":[[0.6926681995391846,-0.025001058354973793,0.7208229303359985],[0.03626110777258873,0.9993423223495483,-0.000183541196747683],[-0.7203443050384521,0.026264971122145653,0.6931192278862]],"file_name":"/home/yutong/data/diamond_walk_for_test/rgb/0000000005599999999.png","mnId":31,"t":[-1.4947816133499146,0.13585318624973297,-1.7079912424087524]},{"R":[[0.6325665712356567,-0.025590963661670685,0.774083137512207],[0.035233672708272934,0.9993700981140137,0.004246572032570839],[-0.7737041711807251,0.02458755299448967,0.6330697536468506]],"file_name":"/home/yutong/data/diamond_walk_for_test/rgb/0000000005899999999.png","mnId":32,"t":[-1.6488354206085205,0.16680167615413666,-1.797228455543518]},{"R":[[0.4945021867752075,-0.016720885410904884,0.8690155148506165],[-0.007743651978671551,0.9996905326843262,0.02364165149629116],[-0.8691418766975403,-0.018420202657580376,0.49421966075897217]],"file_name":"/home/yutong/data/diamond_walk_for_test/rgb/0000000006149999999.png","mnId":33,"t":[-1.9583475589752197,0.11167216300964355,-1.678794264793396]},{"R":[[0.39843034744262695,-0.043372996151447296,0.9161725044250488],[-5.658769077854231e-05,0.9988800883293152,0.047313109040260315],[-0.9171985983848572,-0.018902823328971863,0.3979816734790802]],"file_name":"/home/yutong/data/diamond_walk_for_test/rgb/0000000006349999999.png","mnId":34,"t":[-2.159407138824463,0.053551558405160904,-1.6104938983917236]},{"R":[[0.279852032661438,-0.06965944170951843,0.957512617111206],[-0.025531724095344543,0.9964713454246521,0.07995586097240448],[-0.9597035646438599,-0.04682275652885437,0.2770860195159912]],"file_name":"/home/yutong/data/diamond_walk_for_test/rgb/0000000006499999999.png","mnId":35,"t":[-2.374791383743286,-0.029942354187369347,-1.438011646270752]},{"R":[[0.16383382678031921,-0.07085173577070236,0.9839403033256531],[-0.016958286985754967,0.9970678091049194,0.07462070882320404],[-0.986342191696167,-0.02891133725643158,0.16215190291404724]],"file_name":"/home/yutong/data/diamond_walk_for_test/rgb/0000000006649999999.png","mnId":36,"t":[-2.5413458347320557,0.007178234867751598,-1.254717230796814]},{"R":[[0.09275684505701065,-0.03741643205285072,0.9949855208396912],[0.029273580759763718,0.9989641904830933,0.034837041050195694],[-0.9952583909034729,0.025895414873957634,0.09375607222318649]],"file_name":"/home/yutong/data/diamond_walk_for_test/rgb/0000000006799999999.png","mnId":37,"t":[-2.626835584640503,0.15438175201416016,-1.1837047338485718]},{"R":[[0.061857789754867554,-0.07315868884325027,0.9954001307487488],[0.046761248260736465,0.9964272975921631,0.07032826542854309],[-0.9969889521598816,0.04219580069184303,0.06505777686834335]],"file_name":"/home/yutong/data/diamond_walk_for_test/rgb/0000000006999999999.png","mnId":38,"t":[-2.6727147102355957,0.07781847566366196,-1.2613754272460938]},{"R":[[0.05760124698281288,-0.06583520025014877,0.9961665868759155],[0.023618128150701523,0.9976338744163513,0.06456650793552399],[-0.9980602860450745,0.01980847865343094,0.05901985988020897]],"file_name":"/home/yutong/data/diamond_walk_for_test/rgb/0000000007249999999.png","mnId":39,"t":[-2.696847438812256,0.10327725857496262,-1.4433008432388306]},{"R":[[-0.0032576636876910925,-0.06942767649888992,0.9975816607475281],[-0.01608453504741192,0.9974615573883057,0.06936679035425186],[-0.9998653531074524,-0.015819663181900978,-0.004366106353700161]],"file_name":"/home/yutong/data/diamond_walk_for_test/rgb/0000000007549999999.png","mnId":40,"t":[-2.824744462966919,0.02984776720404625,-1.510735034942627]},{"R":[[-0.05450272560119629,-0.0807797759771347,0.9952406883239746],[-0.011098894290626049,0.9967096447944641,0.08029118925333023],[-0.9984519481658936,-0.006669982802122831,-0.05521995946764946]],"file_name":"/home/yutong/data/diamond_walk_for_test/rgb/0000000007699999999.png","mnId":41,"t":[-2.9239020347595215,0.014124627225100994,-1.486838459968567]},{"R":[[-0.1302829086780548,-0.09276541322469711,0.9871276021003723],[-0.012946845963597298,0.9956876635551453,0.09186109900474548],[-0.9913923144340515,-0.0008122572908177972,-0.1309221088886261]],"file_name":"/home/yutong/data/diamond_walk_for_test/rgb/0000000007799999999.png","mnId":42,"t":[-3.044292688369751,-0.008292445912957191,-1.3402338027954102]},{"R":[[-0.18127559125423431,-0.08813952654600143,0.979474663734436],[-0.007391096092760563,0.996069610118866,0.08826494961977005],[-0.9834045767784119,0.008760889060795307,-0.18121455609798431]],"file_name":"/home/yutong/data/diamond_walk_for_test/rgb/0000000007849999999.png","mnId":43,"t":[-3.1123287677764893,0.017079681158065796,-1.2195987701416016]},{"R":[[-0.44253236055374146,-0.08349601924419403,0.8928569555282593],[0.05374734476208687,0.9913963675498962,0.1193501278758049],[-0.8951404094696045,0.10080498456954956,-0.4342373013496399]],"file_name":"/home/yutong/data/diamond_walk_for_test/rgb/0000000008149999999.png","mnId":45,"t":[-3.363649606704712,0.05451675131917,-0.5454620718955994]},{"R":[[-0.49348992109298706,-0.09983156621456146,0.8640031218528748],[0.05527577921748161,0.9877826571464539,0.1457054167985916],[-0.8679932355880737,0.11966259777545929,-0.4819425046443939]],"file_name":"/home/yutong/data/diamond_walk_for_test/rgb/0000000008299999999.png","mnId":46,"t":[-3.4010889530181885,-0.008394397795200348,-0.4736407399177551]},{"R":[[-0.4953480362892151,-0.1088501363992691,0.861847996711731],[0.06795761734247208,0.984222412109375,0.16336455941200256],[-0.8660323619842529,0.13949145376682281,-0.4801354706287384]],"file_name":"/home/yutong/data/diamond_walk_for_test/rgb/0000000008449999999.png","mnId":47,"t":[-3.406644582748413,-0.004042827989906073,-0.5803632140159607]},{"R":[[-0.5323036909103394,-0.10316158831119537,0.8402442932128906],[0.04350227117538452,0.9879025220870972,0.14884957671165466],[-0.8454350233078003,0.11578571051359177,-0.521376371383667]],"file_name":"/home/yutong/data/diamond_walk_for_test/rgb/0000000008599999999.png","mnId":48,"t":[-3.4385201930999756,0.003544593695551157,-0.5377241969108582]},{"R":[[-0.7274782061576843,-0.10418874770402908,0.6781741380691528],[-7.300097058760002e-05,0.9884153604507446,0.15177318453788757],[-0.6861307621002197,0.11036217957735062,-0.7190582156181335]],"file_name":"/home/yutong/data/diamond_walk_for_test/rgb/0000000009049999999.png","mnId":51,"t":[-3.551812171936035,-0.08907601237297058,-0.0036728892009705305]},{"R":[[-0.871448814868927,-0.07895509153604507,0.4840899705886841],[0.016494126990437508,0.9816832542419434,0.18980497121810913],[-0.49020910263061523,0.1733899563550949,-0.8541843891143799]],"file_name":"/home/yutong/data/diamond_walk_for_test/rgb/0000000009299999999.png","mnId":53,"t":[-3.481117010116577,-0.09809976816177368,0.6620644927024841]},{"R":[[-0.8912844061851501,-0.06878232210874557,0.4481976628303528],[0.024220051243901253,0.9797959923744202,0.19852757453918457],[-0.45279747247695923,0.18779990077018738,-0.8716109395027161]],"file_name":"/home/yutong/data/diamond_walk_for_test/rgb/0000000009349999999.png","mnId":54,"t":[-3.451552152633667,-0.09746678918600082,0.7722669839859009]},{"R":[[-0.9176893830299377,-0.056912314146757126,0.39320117235183716],[0.03090960718691349,0.976459801197052,0.21347343921661377],[-0.396094411611557,0.2080560028553009,-0.8943276405334473]],"file_name":"/home/yutong/data/diamond_walk_for_test/rgb/0000000009450000000.png","mnId":55,"t":[-3.4036142826080322,-0.1123708114027977,0.9061970710754395]},{"R":[[-0.9271463751792908,-0.057295601814985275,0.37029290199279785],[0.02850690670311451,0.974590003490448,0.22217491269111633],[-0.3736134171485901,0.21654456853866577,-0.9019542336463928]],"file_name":"/home/yutong/data/diamond_walk_for_test/rgb/0000000009500000000.png","mnId":56,"t":[-3.3781681060791016,-0.13946108520030975,0.9484803676605225]},{"R":[[-0.9335600733757019,-0.06309332698583603,0.3528241217136383],[0.020283155143260956,0.973507285118103,0.22775469720363617],[-0.3578466475009918,0.21977907419204712,-0.9075477719306946]],"file_name":"/home/yutong/data/diamond_walk_for_test/rgb/0000000009550000000.png","mnId":57,"t":[-3.360429525375366,-0.17346502840518951,0.9657882452011108]},{"R":[[-0.9404973983764648,-0.07452325522899628,0.3315282166004181],[0.00692933052778244,0.9712451100349426,0.23798084259033203],[-0.33973026275634766,0.22611764073371887,-0.9129371047019958]],"file_name":"/home/yutong/data/diamond_walk_for_test/rgb/0000000009600000000.png","mnId":58,"t":[-3.342238187789917,-0.22592534124851227,0.9898955821990967]},{"R":[[-0.9463221430778503,-0.0791492685675621,0.31338435411453247],[-0.0020374879240989685,0.9709964990615845,0.2390851229429245],[-0.32321852445602417,0.2256130427122116,-0.9190367460250854]],"file_name":"/home/yutong/data/diamond_walk_for_test/rgb/0000000009650000000.png","mnId":59,"t":[-3.319850444793701,-0.24597179889678955,1.0084633827209473]},{"R":[[-0.9512935280799866,-0.07612493634223938,0.29874008893966675],[-0.0028656846843659878,0.9711752533912659,0.23834946751594543],[-0.3082733154296875,0.22588419914245605,-0.9240908622741699]],"file_name":"/home/yutong/data/diamond_walk_for_test/rgb/0000000009700000000.png","mnId":60,"t":[-3.304636001586914,-0.2311636507511139,1.021147608757019]},{"R":[[-0.9550932049751282,-0.09348461031913757,0.2811717987060547],[-0.022758271545171738,0.9692665934562683,0.2449578493833542],[-0.2954302132129669,0.22755859792232513,-0.9278674721717834]],"file_name":"/home/yutong/data/diamond_walk_for_test/rgb/0000000009750000000.png","mnId":61,"t":[-3.2903928756713867,-0.29905667901039124,1.0289620161056519]},{"R":[[-0.9594805836677551,-0.07169508934020996,0.272501140832901],[-0.011305910535156727,0.9761049747467041,0.21700508892536163],[-0.2815479338169098,0.20513129234313965,-0.9373643398284912]],"file_name":"/home/yutong/data/diamond_walk_for_test/rgb/0000000009900000000.png","mnId":63,"t":[-3.298551321029663,-0.18292787671089172,0.9673741459846497]},{"R":[[-0.9600914716720581,-0.08873749524354935,0.2652358412742615],[-0.031163811683654785,0.9763694405555725,0.21384920179843903],[-0.2779446244239807,0.19704903662204742,-0.9401693940162659]],"file_name":"/home/yutong/data/diamond_walk_for_test/rgb/0000000009950000000.png","mnId":64,"t":[-3.288496494293213,-0.2325889766216278,0.9452083110809326]},{"R":[[-0.9629404544830322,-0.10040081292390823,0.25033044815063477],[-0.047493088990449905,0.9767494201660156,0.20905734598636627],[-0.26549962162971497,0.18942081928253174,-0.9453198909759521]],"file_name":"/home/yutong/data/diamond_walk_for_test/rgb/0000000010000000000.png","mnId":65,"t":[-3.2832348346710205,-0.26808539032936096,0.9518373012542725]},{"R":[[-0.9652180671691895,-0.09711953997612,0.24273818731307983],[-0.04840954765677452,0.978779673576355,0.19911518692970276],[-0.25692516565322876,0.18043874204158783,-0.9494373798370361]],"file_name":"/home/yutong/data/diamond_walk_for_test/rgb/0000000010050000000.png","mnId":66,"t":[-3.2848591804504395,-0.2504040002822876,0.9421483874320984]},{"R":[[-0.9667198061943054,-0.08902037143707275,0.23985028266906738],[-0.042461421340703964,0.9803365468978882,0.19271034002304077],[-0.25228914618492126,0.17611251771450043,-0.9514907002449036]],"file_name":"/home/yutong/data/diamond_walk_for_test/rgb/0000000010100000000.png","mnId":67,"t":[-3.2870631217956543,-0.22181399166584015,0.9142599105834961]},{"R":[[-0.9683024883270264,-0.08635680377483368,0.23437754809856415],[-0.04163380339741707,0.9810075163841248,0.18944886326789856],[-0.2462863326072693,0.17368577420711517,-0.9535073637962341]],"file_name":"/home/yutong/data/diamond_walk_for_test/rgb/0000000010150000000.png","mnId":68,"t":[-3.287588596343994,-0.2195049524307251,0.8956586718559265]},{"R":[[-0.9698950052261353,-0.08575384318828583,0.22792531549930573],[-0.0424591563642025,0.9811604619026184,0.18847118318080902],[-0.23979343473911285,0.17311973869800568,-0.9552636742591858]],"file_name":"/home/yutong/data/diamond_walk_for_test/rgb/0000000010200000000.png","mnId":69,"t":[-3.2918143272399902,-0.22235670685768127,0.872889518737793]},{"R":[[-0.9716522693634033,-0.08675359934568405,0.21992193162441254],[-0.04602306708693504,0.9818522930145264,0.18397802114486694],[-0.23189161717891693,0.16864117980003357,-0.9580116868019104]],"file_name":"/home/yutong/data/diamond_walk_for_test/rgb/0000000010250000000.png","mnId":70,"t":[-3.293409585952759,-0.22306104004383087,0.8590532541275024]},{"R":[[-0.9746431708335876,-0.08295415341854095,0.20782049000263214],[-0.04538988322019577,0.9827289581298828,0.17939765751361847],[-0.21911299228668213,0.16541574895381927,-0.9615753293037415]],"file_name":"/home/yutong/data/diamond_walk_for_test/rgb/0000000010300000000.png","mnId":71,"t":[-3.2882392406463623,-0.20844663679599762,0.8551034927368164]},{"R":[[-0.9783458113670349,-0.08119487017393112,0.19038623571395874],[-0.047664038836956024,0.9835019111633301,0.17450527846813202],[-0.20141416788101196,0.16165192425251007,-0.96607506275177]],"file_name":"/home/yutong/data/diamond_walk_for_test/rgb/0000000010350000000.png","mnId":72,"t":[-3.281261444091797,-0.196724072098732,0.87272047996521]},{"R":[[-0.9983920454978943,-0.013588846661150455,-0.05503365397453308],[-0.024386830627918243,0.9793721437454224,0.20058780908584595],[0.05117267370223999,0.2016073614358902,-0.9781287312507629]],"file_name":"/home/yutong/data/diamond_walk_for_test/rgb/0000000010800000000.png","mnId":74,"t":[-3.0370874404907227,-0.12680576741695404,1.3007252216339111]},{"R":[[-0.9963253736495972,-0.08310887962579727,-0.020703516900539398],[-0.08551309257745743,0.9788501858711243,0.18584883213043213],[0.004819953814148903,0.18693631887435913,-0.9823601841926575]],"file_name":"/home/yutong/data/diamond_walk_for_test/rgb/0000000011200000000.png","mnId":75,"t":[-3.101067304611206,-0.2414529174566269,0.8311484456062317]},{"R":[[-0.986278235912323,-0.13315333425998688,-0.09759829938411713],[-0.15088650584220886,0.9669362902641296,0.20559053122997284],[0.06699627637863159,0.21749573945999146,-0.9737592935562134]],"file_name":"/home/yutong/data/diamond_walk_for_test/rgb/0000000011700000000.png","mnId":77,"t":[-3.09745717048645,-0.43820181488990784,0.6425196528434753]},{"R":[[-0.9604552984237671,-0.08867331594228745,-0.2639367878437042],[-0.15566322207450867,0.9569582939147949,0.24494843184947968],[0.23085610568523407,0.276347279548645,-0.932918906211853]],"file_name":"/home/yutong/data/diamond_walk_for_test/rgb/0000000012100000000.png","mnId":79,"t":[-2.972790479660034,-0.4275461435317993,0.8299261331558228]},{"R":[[-0.84879469871521,-0.07609870284795761,-0.523217499256134],[-0.18245652318000793,0.9709557890892029,0.15477246046066284],[0.49624305963516235,0.2268344908952713,-0.8380268216133118]],"file_name":"/home/yutong/data/diamond_walk_for_test/rgb/0000000013100000000.png","mnId":83,"t":[-2.878350019454956,-0.41288214921951294,0.8699111938476563]},{"R":[[-0.731408417224884,-0.00997211504727602,-0.6818667650222778],[-0.17577236890792847,0.9688642024993896,0.17437390983104706],[0.6588973999023438,0.24739187955856323,-0.7103882431983948]],"file_name":"/home/yutong/data/diamond_walk_for_test/rgb/0000000013300000000.png","mnId":84,"t":[-2.671405792236328,-0.37049493193626404,1.2815845012664795]},{"R":[[-0.5500903129577637,0.010439150035381317,-0.8350399136543274],[-0.1822485625743866,0.9743195176124573,0.1322382688522339],[0.814976155757904,0.22492781281471252,-0.5340611934661865]],"file_name":"/home/yutong/data/diamond_walk_for_test/rgb/0000000013700000000.png","mnId":86,"t":[-2.3697521686553955,-0.38833627104759216,1.5601342916488647]},{"R":[[-0.47321468591690063,0.04881562665104866,-0.8795936107635498],[-0.1405198723077774,0.9814968109130859,0.13006967306137085],[0.8696677684783936,0.18515124917030334,-0.4575991630554199]],"file_name":"/home/yutong/data/diamond_walk_for_test/rgb/0000000013800000000.png","mnId":87,"t":[-2.2420105934143066,-0.27212607860565186,1.7207908630371094]},{"R":[[-0.40651267766952515,0.06172340735793114,-0.9115578532218933],[-0.11182983219623566,0.9868519902229309,0.1166926696896553],[0.9067753553390503,0.14937640726566315,-0.3942653238773346]],"file_name":"/home/yutong/data/diamond_walk_for_test/rgb/0000000013950000000.png","mnId":88,"t":[-2.1535661220550537,-0.21959124505519867,1.7876999378204346]},{"R":[[-0.39927515387535095,0.06100127846002579,-0.9147995710372925],[-0.11164453625679016,0.9871236681938171,0.11455263197422028],[0.9100081920623779,0.14787039160728455,-0.3873234987258911]],"file_name":"/home/yutong/data/diamond_walk_for_test/rgb/0000000014000000000.png","mnId":89,"t":[-2.1529808044433594,-0.22337688505649567,1.7661916017532349]},{"R":[[-0.39063096046447754,0.05958335101604462,-0.9186170697212219],[-0.11230805516242981,0.9873639941215515,0.11180008202791214],[0.9136707782745361,0.1468406766653061,-0.37900325655937195]],"file_name":"/home/yutong/data/diamond_walk_for_test/rgb/0000000014050000000.png","mnId":90,"t":[-2.1516482830047607,-0.23193144798278809,1.747194528579712]},{"R":[[-0.3798964321613312,0.05935351178050041,-0.9231228828430176],[-0.11672543734312057,0.9868866205215454,0.11148977279663086],[0.9176349639892578,0.1501064896583557,-0.36798664927482605]],"file_name":"/home/yutong/data/diamond_walk_for_test/rgb/0000000014100000000.png","mnId":91,"t":[-2.1503467559814453,-0.24441123008728027,1.731827735900879]},{"R":[[-0.3369949460029602,0.05969942733645439,-0.9396117925643921],[-0.1338312327861786,0.9848164319992065,0.11057057976722717],[0.9319461584091187,0.16301113367080688,-0.32388851046562195]],"file_name":"/home/yutong/data/diamond_walk_for_test/rgb/0000000014200000000.png","mnId":93,"t":[-2.0953006744384766,-0.27432000637054443,1.747016429901123]},{"R":[[-0.2968457043170929,0.05732766166329384,-0.9532030820846558],[-0.13558968901634216,0.9855523705482483,0.10149844735860825],[0.9452502727508545,0.15937389433383942,-0.2847839593887329]],"file_name":"/home/yutong/data/diamond_walk_for_test/rgb/0000000014250000000.png","mnId":94,"t":[-2.0307815074920654,-0.28457149863243103,1.796428918838501]},{"R":[[-0.24050746858119965,0.054119329899549484,-0.9691373705863953],[-0.14834573864936829,0.9846655130386353,0.09180091321468353],[0.9592443108558655,0.16584619879722595,-0.2287910431623459]],"file_name":"/home/yutong/data/diamond_walk_for_test/rgb/0000000014300000000.png","mnId":95,"t":[-1.9319771528244019,-0.3199087381362915,1.872482419013977]},{"R":[[-0.17461982369422913,0.06689932197332382,-0.9823606014251709],[-0.1542498618364334,0.9835122227668762,0.09439647942781448],[0.9724787473678589,0.16801248490810394,-0.1614215224981308]],"file_name":"/home/yutong/data/diamond_walk_for_test/rgb/0000000014350000000.png","mnId":96,"t":[-1.8106722831726074,-0.3195042908191681,1.9608365297317505]},{"R":[[-0.11166290193796158,0.08597179502248764,-0.9900203347206116],[-0.15602704882621765,0.9823776483535767,0.10290616750717163],[0.9814208745956421,0.16596074402332306,-0.09628121554851532]],"file_name":"/home/yutong/data/diamond_walk_for_test/rgb/0000000014400000000.png","mnId":97,"t":[-1.690729022026062,-0.30471813678741455,2.0390400886535645]},{"R":[[-0.010208943858742714,0.11264215409755707,-0.9935832023620605],[-0.1659477949142456,0.9796654582023621,0.11276940256357193],[0.9860817193984985,0.16603419184684753,0.008691367693245411]],"file_name":"/home/yutong/data/diamond_walk_for_test/rgb/0000000014500000000.png","mnId":98,"t":[-1.4919679164886475,-0.3045750558376312,2.1304826736450195]},{"R":[[0.11367067694664001,0.14573456346988678,-0.9827718138694763],[-0.17930194735527039,0.9759501218795776,0.12398432195186615],[0.9772050976753235,0.162119522690773,0.13706740736961365]],"file_name":"/home/yutong/data/diamond_walk_for_test/rgb/0000000014700000000.png","mnId":99,"t":[-1.2537270784378052,-0.318112850189209,2.1471667289733887]},{"R":[[0.16594409942626953,0.10382972657680511,-0.9806538224220276],[-0.20822776854038239,0.9757087826728821,0.06807030737400055],[0.9639002680778503,0.19290348887443542,0.18353335559368134]],"file_name":"/home/yutong/data/diamond_walk_for_test/rgb/0000000014900000000.png","mnId":100,"t":[-1.1716887950897217,-0.4247863292694092,2.0309853553771973]},{"R":[[0.21182864904403687,0.11808167397975922,-0.9701470732688904],[-0.18034285306930542,0.9803494811058044,0.07994615286588669],[0.9605233669281006,0.15802420675754547,0.2289612889289856]],"file_name":"/home/yutong/data/diamond_walk_for_test/rgb/0000000015100000000.png","mnId":101,"t":[-1.117903709411621,-0.32520872354507446,1.953501582145691]},{"R":[[0.2799539268016815,0.10812022536993027,-0.9539055824279785],[-0.1527053266763687,0.9860019683837891,0.06694195419549942],[0.9477905035018921,0.12692579627037048,0.2925456464290619]],"file_name":"/home/yutong/data/diamond_walk_for_test/rgb/0000000015250000000.png","mnId":102,"t":[-1.01209557056427,-0.29081618785858154,1.9244722127914429]},{"R":[[0.3661535382270813,0.1016923189163208,-0.9249812364578247],[-0.1432948261499405,0.9883165955543518,0.051932185888290405],[0.919455349445343,0.11352986842393875,0.3764475882053375]],"file_name":"/home/yutong/data/diamond_walk_for_test/rgb/0000000015450000000.png","mnId":103,"t":[-0.8874128460884094,-0.30020782351493835,1.849536418914795]},{"R":[[0.4747830629348755,0.07995010167360306,-0.8764639496803284],[-0.11427722871303558,0.993034839630127,0.028679268434643745],[0.8726521730422974,0.08654343336820602,0.4806126058101654]],"file_name":"/home/yutong/data/diamond_walk_for_test/rgb/0000000015600000000.png","mnId":104,"t":[-0.7042542099952698,-0.27356207370758057,1.834138035774231]},{"R":[[0.6393257975578308,0.10414499789476395,-0.7618505954742432],[-0.1439712941646576,0.9894764423370361,0.014444378204643726],[0.7553375363349915,0.10044995695352554,0.6475917100906372]],"file_name":"/home/yutong/data/diamond_walk_for_test/rgb/0000000015800000000.png","mnId":105,"t":[-0.36729082465171814,-0.3017754852771759,1.7840420007705688]},{"R":[[0.7311748266220093,0.08754857629537582,-0.6765490770339966],[-0.13659408688545227,0.9904360175132751,-0.01945592649281025],[0.6683751940727234,0.10663827508687973,0.7361404895782471]],"file_name":"/home/yutong/data/diamond_walk_for_test/rgb/0000000016100000000.png","mnId":106,"t":[-0.18748025596141815,-0.330897718667984,1.5696804523468018]},{"R":[[0.7621304988861084,0.06704480201005936,-0.6439425945281982],[-0.11759817600250244,0.9924137592315674,-0.03585563972592354],[0.6366536021232605,0.10305315256118774,0.7642331123352051]],"file_name":"/home/yutong/data/diamond_walk_for_test/rgb/0000000016250000000.png","mnId":107,"t":[-0.13660208880901337,-0.3029908835887909,1.4607352018356323]},{"R":[[0.7846897840499878,0.08490406721830368,-0.6140466332435608],[-0.11027790606021881,0.993894636631012,-0.00349851930513978],[0.6100006103515625,0.07046102732419968,0.7892619967460632]],"file_name":"/home/yutong/data/diamond_walk_for_test/rgb/0000000016350000000.png","mnId":108,"t":[-0.10706797242164612,-0.24027517437934875,1.4001272916793823]},{"R":[[0.8130218982696533,0.06938331574201584,-0.5780842304229736],[-0.07933412492275238,0.9968154430389404,0.008064540103077888],[0.5768028497695923,0.03930515795946121,0.8159372210502625]],"file_name":"/home/yutong/data/diamond_walk_for_test/rgb/0000000016450000000.png","mnId":109,"t":[-0.06358218193054199,-0.19767704606056213,1.338637113571167]},{"R":[[0.8272210359573364,0.06141199544072151,-0.558510422706604],[-0.06611914932727814,0.997742235660553,0.01177810039371252],[0.55797278881073,0.027185142040252686,0.829413890838623]],"file_name":"/home/yutong/data/diamond_walk_for_test/rgb/0000000016500000000.png","mnId":110,"t":[-0.04219813644886017,-0.18488898873329163,1.306971549987793]},{"R":[[0.8419578075408936,0.055102575570344925,-0.5367222428321838],[-0.05439199507236481,0.998371958732605,0.01717294380068779],[0.5367947220802307,0.014734500087797642,0.8435842394828796]],"file_name":"/home/yutong/data/diamond_walk_for_test/rgb/0000000016550000000.png","mnId":111,"t":[-0.019227448850870132,-0.17361614108085632,1.2733951807022095]},{"R":[[0.8556353449821472,0.04303121566772461,-0.5157871842384338],[-0.041502054780721664,0.9990332126617432,0.014500141143798828],[0.5159124732017517,0.008999395184218884,0.8565940260887146]],"file_name":"/home/yutong/data/diamond_walk_for_test/rgb/0000000016600000000.png","mnId":112,"t":[-0.0004288084164727479,-0.1728566288948059,1.2348028421401978]},{"R":[[0.8673645853996277,0.027629578486084938,-0.49690574407577515],[-0.025642968714237213,0.99961256980896,0.01082111056894064],[0.4970122277736664,0.0033562907483428717,0.8677370548248291]],"file_name":"/home/yutong/data/diamond_walk_for_test/rgb/0000000016650000000.png","mnId":113,"t":[0.014586199074983597,-0.16986294090747833,1.1987285614013672]},{"R":[[0.878180742263794,0.014661017805337906,-0.47810423374176025],[-0.01328896451741457,0.9998921751976013,0.006252451334148645],[0.4781443178653717,0.0008627276984043419,0.8782808780670166]],"file_name":"/home/yutong/data/diamond_walk_for_test/rgb/0000000016700000000.png","mnId":114,"t":[0.027251174673438072,-0.16806966066360474,1.1597145795822144]},{"R":[[0.956203043460846,-0.052635494619607925,-0.28793278336524963],[0.05329110473394394,0.9985635280609131,-0.005566473118960857],[0.28781217336654663,-0.010021577589213848,0.957634449005127]],"file_name":"/home/yutong/data/diamond_walk_for_test/rgb/0000000017000000000.png","mnId":116,"t":[0.16589543223381042,-0.10962863266468048,0.9333075881004333]},{"R":[[0.9652612805366516,-0.063453808426857,-0.25346457958221436],[0.060974668711423874,0.9979835748672485,-0.017633134499192238],[0.254072368144989,0.0015656627947464585,0.9671839475631714]],"file_name":"/home/yutong/data/diamond_walk_for_test/rgb/0000000017050000000.png","mnId":117,"t":[0.1915847212076187,-0.1147133931517601,0.8920010924339294]},{"R":[[0.9762400984764099,-0.05979246273636818,-0.2082790732383728],[0.05271849036216736,0.9978336095809937,-0.03935597464442253],[0.21018104255199432,0.027440723031759262,0.9772772789001465]],"file_name":"/home/yutong/data/diamond_walk_for_test/rgb/0000000017150000000.png","mnId":119,"t":[0.21414214372634888,-0.13545478880405426,0.8077483177185059]},{"R":[[0.9780738353729248,-0.04855179041624069,-0.20251992344856262],[0.03883785381913185,0.9979087710380554,-0.05166885256767273],[0.20460502803325653,0.042670514434576035,0.9779140949249268]],"file_name":"/home/yutong/data/diamond_walk_for_test/rgb/0000000017200000000.png","mnId":120,"t":[0.21246039867401123,-0.15267115831375122,0.7631127834320068]},{"R":[[0.9794949293136597,-0.03425261750817299,-0.19853584468364716],[0.0223773792386055,0.9978405833244324,-0.061752691864967346],[0.20022231340408325,0.05604373663663864,0.9781462550163269]],"file_name":"/home/yutong/data/diamond_walk_for_test/rgb/0000000017250000000.png","mnId":121,"t":[0.20782460272312164,-0.16765864193439484,0.7212607264518738]},{"R":[[0.9809786677360535,-0.023281503468751907,-0.19271431863307953],[0.009711970575153828,0.9974247217178345,-0.0710601657629013],[0.19387242197990417,0.06783686578273773,0.9786785244941711]],"file_name":"/home/yutong/data/diamond_walk_for_test/rgb/0000000017300000000.png","mnId":122,"t":[0.20451319217681885,-0.17809239029884338,0.6736038327217102]},{"R":[[0.9820001125335693,-0.017326833680272102,-0.18808405101299286],[0.0026056834030896425,0.9969314932823181,-0.0782356858253479],[0.18886248767375946,0.07633735984563828,0.9790319800376892]],"file_name":"/home/yutong/data/diamond_walk_for_test/rgb/0000000017350000000.png","mnId":123,"t":[0.20210325717926025,-0.18249747157096863,0.627663254737854]},{"R":[[0.9826250076293945,-0.026986997574567795,-0.1836293637752533],[0.011056688614189625,0.9961268901824951,-0.08722949028015137],[0.1852722018957138,0.083683542907238,0.9791175723075867]],"file_name":"/home/yutong/data/diamond_walk_for_test/rgb/0000000017400000000.png","mnId":124,"t":[0.19895809888839722,-0.17761172354221344,0.5846067070960999]},{"R":[[0.9831686019897461,-0.03225693851709366,-0.1798304319381714],[0.016415223479270935,0.9959057569503784,-0.08889451622962952],[0.18196162581443787,0.08444634079933167,0.9796727895736694]],"file_name":"/home/yutong/data/diamond_walk_for_test/rgb/0000000017450000000.png","mnId":125,"t":[0.19494926929473877,-0.1662258505821228,0.5415154099464417]},{"R":[[0.9836553931236267,-0.03252197802066803,-0.17709980905056],[0.017017176374793053,0.9959419965744019,-0.08837369829416275],[0.17925523221492767,0.08391553163528442,0.9802172183990479]],"file_name":"/home/yutong/data/diamond_walk_for_test/rgb/0000000017500000000.png","mnId":126,"t":[0.18875019252300262,-0.1543513834476471,0.501349687576294]},{"R":[[0.9842677116394043,-0.035798002034425735,-0.1730191558599472],[0.019858399406075478,0.9954685568809509,-0.09299435466527939],[0.17556415498256683,0.08809545636177063,0.9805184602737427]],"file_name":"/home/yutong/data/diamond_walk_for_test/rgb/0000000017550000000.png","mnId":127,"t":[0.18384911119937897,-0.14507371187210083,0.4611939787864685]},{"R":[[0.9859075546264648,-0.03097543865442276,-0.1643984615802765],[0.0175875723361969,0.9964544773101807,-0.08227506279945374],[0.16636408865451813,0.07822423428297043,0.9829567670822144]],"file_name":"/home/yutong/data/diamond_walk_for_test/rgb/0000000017600000000.png","mnId":128,"t":[0.17436739802360535,-0.13127925992012024,0.4215424060821533]},{"R":[[0.9866136312484741,0.04730415716767311,0.1560634821653366],[-0.04721101000905037,0.9988756775856018,-0.004305597394704819],[-0.15609169006347656,-0.0031199532095342875,0.9877376556396484]],"file_name":"/home/yutong/data/diamond_walk_for_test/rgb/0000000018600000000.png","mnId":129,"t":[-0.08244816958904266,-0.05658835172653198,-0.34781089425086975]},{"R":[[0.9821612238883972,-0.0247755516320467,0.1864013373851776],[0.02969394437968731,0.9992794394493103,-0.02364007942378521],[-0.1856813281774521,0.028753360733389854,0.9821892380714417]],"file_name":"/home/yutong/data/diamond_walk_for_test/rgb/0000000018850000000.png","mnId":130,"t":[-0.12472718209028244,-0.027370469644665718,-0.5384961366653442]},{"R":[[0.8134150505065918,-0.08797601610422134,0.574992299079895],[0.06356018036603928,0.9960203170776367,0.062479253858327866],[-0.5782006978988647,-0.01427494827657938,0.8157696723937988]],"file_name":"/home/yutong/data/diamond_walk_for_test/rgb/0000000019550000000.png","mnId":131,"t":[-0.6230329275131226,-0.04903490096330643,-0.8958559036254883]},{"R":[[0.2532902956008911,-0.09198951721191406,0.9630067348480225],[0.054571058601140976,0.995242178440094,0.08071546256542206],[-0.9658498764038086,0.03210785239934921,0.25710517168045044]],"file_name":"/home/yutong/data/diamond_walk_for_test/rgb/0000000020550000000.png","mnId":132,"t":[-1.3928003311157227,-0.013933598063886166,-0.9691470861434937]},{"R":[[0.2314051240682602,-0.11027201265096664,0.9665876626968384],[0.0516451895236969,0.993546724319458,0.10098353028297424],[-0.9714856743812561,0.026551496237516403,0.2356068193912506]],"file_name":"/home/yutong/data/diamond_walk_for_test/rgb/0000000020650000000.png","mnId":133,"t":[-1.4417259693145752,-0.04903653264045715,-1.0217465162277222]},{"R":[[0.20922881364822388,-0.11132372170686722,0.9715092778205872],[0.04874251410365105,0.9934509992599487,0.10334057360887527],[-0.976651132106781,0.025731980800628662,0.21328477561473846]],"file_name":"/home/yutong/data/diamond_walk_for_test/rgb/0000000020700000000.png","mnId":134,"t":[-1.4816330671310425,-0.04611789062619209,-1.0327906608581543]},{"R":[[0.16963240504264832,-0.11284171044826508,0.9790258407592773],[0.04154239967465401,0.993358850479126,0.10729581862688065],[-0.9846314191818237,0.02247023582458496,0.1731935739517212]],"file_name":"/home/yutong/data/diamond_walk_for_test/rgb/0000000020800000000.png","mnId":135,"t":[-1.5474786758422852,-0.04049196094274521,-1.0525296926498413]},{"R":[[0.12887701392173767,-0.10191132873296738,0.9864100813865662],[0.0437525250017643,0.9943210482597351,0.09701227396726608],[-0.9906949400901794,0.030655276030302048,0.13260401785373688]],"file_name":"/home/yutong/data/diamond_walk_for_test/rgb/0000000020900000000.png","mnId":136,"t":[-1.60872220993042,-0.004369127098470926,-1.067608118057251]},{"R":[[-0.3649848401546478,-0.14092852175235748,0.9202854037284851],[0.04033738747239113,0.9851551055908203,0.1668601781129837],[-0.9301392436027527,0.09802334755659103,-0.35388198494911194]],"file_name":"/home/yutong/data/diamond_walk_for_test/rgb/0000000022750000000.png","mnId":137,"t":[-2.5244462490081787,0.00929129309952259,-1.5742173194885254]},{"R":[[-0.451088011264801,-0.15402932465076447,0.8790873289108276],[-0.010131019167602062,0.9858147501945496,0.16753101348876953],[-0.8924219608306885,0.06666518747806549,-0.44624969363212585]],"file_name":"/home/yutong/data/diamond_walk_for_test/rgb/0000000023050000000.png","mnId":138,"t":[-2.7140510082244873,-0.09982376545667648,-1.544403076171875]},{"R":[[-0.4984383285045624,-0.15924550592899323,0.8521737456321716],[-0.009320016950368881,0.9839116930961609,0.1784120500087738],[-0.8668750524520874,0.08098512887954712,-0.49190348386764526]],"file_name":"/home/yutong/data/diamond_walk_for_test/rgb/0000000023150000000.png","mnId":139,"t":[-2.8090903759002686,-0.11850646138191223,-1.4769282341003418]},{"R":[[-0.5265868902206421,-0.16044439375400543,0.8348435759544373],[-0.010855305939912796,0.9832177758216858,0.18211257457733154],[-0.850051999092102,0.08683561533689499,-0.5194912552833557]],"file_name":"/home/yutong/data/diamond_walk_for_test/rgb/0000000023200000000.png","mnId":140,"t":[-2.8656370639801025,-0.12933675944805145,-1.423496961593628]},{"R":[[-0.559003472328186,-0.1594071388244629,0.8136979937553406],[-0.00936521589756012,0.9824972152709961,0.18604184687137604],[-0.8291124105453491,0.09637758880853653,-0.5507122278213501]],"file_name":"/home/yutong/data/diamond_walk_for_test/rgb/0000000023250000000.png","mnId":141,"t":[-2.9281795024871826,-0.12957461178302765,-1.3488374948501587]},{"R":[[-0.5970115065574646,-0.15945346653461456,0.7862263321876526],[-0.010017730295658112,0.9814531207084656,0.19144028425216675],[-0.8021700978279114,0.106415